Vessel: 0, Number of Points: 100

-0.6350000000000001, -0.6350000000000002, 1.2700000000000007, 0.03077931361545173, 0
-0.6350038633567816, -0.6349885348977307, 1.2282739793323263, 0.030757103079646953, 0
-0.6349971220324171, -0.6350085408067349, 1.1865479910017185, 0.030795958097899707, 0
-0.6349966847463415, -0.6350098385096216, 1.1448219819533985, 0.030798913496488514, 0
-0.6350142180691375, -0.634957805737167, 1.1030959975432566, 0.030685279994501637, 0
-0.635020949513904, -0.6349378298080867, 1.0613708123012124, 0.030500489209615952, 0
-0.6349780400162948, -0.6350651696555676, 1.0196452969987853, 0.030360670611738794, 0
-0.6348957992414438, -0.6353092269484998, 0.9779169326221232, 0.03036471441016291, 0
-0.6350061321733399, -0.634981807419335, 0.9361974164314301, 0.030373789202922687, 0
-0.6352917473758976, -0.6341342040075577, 0.8944797267606085, 0.030307591213131167, 0
-0.6352447904431731, -0.6342735092001615, 0.8527449362666731, 0.0303131971038673, 0
-0.6343374033501878, -0.636966433690527, 0.8110917807294744, 0.030568453691723788, 0
-0.6336448270461003, -0.639021707105098, 0.769429355563606, 0.030769257770008315, 0
-0.6359548068300998, -0.6321666066885943, 0.7282908042284225, 0.03010340404665841, 0
-0.6421654811795756, -0.6137522641632296, 0.6915953618588121, 0.0284436691882266, 0
-0.6499521006452885, -0.5907443420422063, 0.6573660199029807, 0.026887139420380242, 0
-0.6572752732175127, -0.5691956409259906, 0.6224757321446336, 0.02628709090944972, 0
-0.6639306817778464, -0.549537834885722, 0.5862843843886743, 0.026504577602557172, 0
-0.6704851948488151, -0.5297525542643224, 0.5501227552985382, 0.02674911478900968, 0
-0.6772456417553884, -0.5093884470671619, 0.5143382595822249, 0.026750189668346705, 0
-0.6842496082098665, -0.48936607136833393, 0.4784076602264191, 0.026680521264964445, 0
-0.6913767974243878, -0.4701389944174902, 0.4420737329202397, 0.0267117962123655, 0
-0.698084228527042, -0.4496190940797743, 0.4063335991352966, 0.026712234466473243, 0
-0.7037697051689671, -0.42576467296265386, 0.3725919447642864, 0.02652168649197618, 0
-0.7081848709512254, -0.39809200229248726, 0.3416415088173287, 0.026095821227488526, 0
-0.7115645210282757, -0.3677202519528439, 0.31322369782253734, 0.025516361481647022, 0
-0.7141627832471397, -0.33548650207946745, 0.28686141807630294, 0.02485439285715566, 0
-0.7162375145125812, -0.30206262387713373, 0.26197514595650523, 0.024175081015673828, 0
-0.7180369740888368, -0.2679972703843387, 0.23795441703613968, 0.023538468574488502, 0
-0.719797091627186, -0.233748077727833, 0.21419170919249547, 0.023001779847713136, 0
-0.7217464920581854, -0.19974296066461042, 0.19009225999044885, 0.022621781917387347, 0
-0.7240373369686877, -0.16630539903299854, 0.1652385221748652, 0.02242969052357023, 0
-0.7266358537591423, -0.13347211298062614, 0.1396200194937342, 0.02238981672317927, 0
-0.7294735911278577, -0.1012222861085612, 0.11329597732775747, 0.022453069732031008, 0
-0.7324837847599782, -0.06953460199419635, 0.08631635137210167, 0.022570118516941275, 0
-0.7355957469708172, -0.03838322194783387, 0.05873063539856857, 0.022688691487243912, 0
-0.7387386804162037, -0.007735327365309698, 0.030589683921510166, 0.022756643905580225, 0
-0.7418354086349281, 0.022435339559913912, 0.0019329998745168063, 0.022715100277465462, 0
-0.7448169158483486, 0.05219108019644978, -0.027165730678545844, 0.022516768125590607, 0
-0.7476816767450253, 0.08180509947339494, -0.05641915084520301, 0.022200184651146582, 0
-0.7504737005614832, 0.11168840956815373, -0.0854048758183166, 0.021860626656666216, 0
-0.7532400979427514, 0.14223612557428658, -0.11369256055924222, 0.02159649444721329, 0
-0.7560220435353767, 0.17377379679486157, -0.1408720177743794, 0.021497277267137262, 0
-0.7588535526053405, 0.20652678945226477, -0.16656859964207635, 0.021640024351535458, 0
-0.7617586502568648, 0.24060823691696906, -0.1904651972466118, 0.022084171048708162, 0
-0.7647494326315104, 0.27600078056806243, -0.21234910517301012, 0.022864017037386965, 0
-0.7678149915348975, 0.3124032430800873, -0.23248704023830133, 0.023932463341396416, 0
-0.7709159796185276, 0.34913111036139904, -0.25200880158555194, 0.025109610526035574, 0
-0.7740201703457122, 0.3855850333918827, -0.27204903376046213, 0.026222215855464873, 0
-0.777089360136206, 0.42103993048604427, -0.2938253009931981, 0.02708242533367487, 0
-0.7800504215970896, 0.45424793567108124, -0.318957782842213, 0.02740817444453368, 0
-0.7827429784925096, 0.4827378674868233, -0.34946366705010823, 0.026771633528448285, 1
-0.784801658484506, 0.5014093176697972, -0.38673358643710953, 0.0246162291264664, 1
-0.7858035451520458, 0.5057547409364485, -0.4278811762132302, 0.020780792978917828, 1
-0.7865094709392739, 0.5024371727918295, -0.46949335552817, 0.017990513320386634, 1
-0.7872420934934221, 0.5001614387164822, -0.5110925711759797, 0.01798343815884774, 1
-0.7869529594945894, 0.4992654882635812, -0.5528989724703259, 0.01792928302730511, 1
-0.7904079494415663, 0.4941683466647318, -0.5939680829998, 0.018625954035529496, 1
-0.7869205293605047, 0.49649173620733883, -0.6344167287256487, 0.017438885211968985, 1
-0.766265551850876, 0.517171900641573, -0.6640042314456618, 0.0141165678325972, 1
-0.7465691709068617, 0.5368176225901053, -0.6951296921823643, 0.014682696988166807, 1
-0.7262296337650693, 0.5570272107321727, -0.7254339680269524, 0.014490135825290162, 1
-0.7053190829769704, 0.5772777350059073, -0.7553303450136604, 0.014532357753317387, 1
-0.6843048570664264, 0.5975798276835361, -0.7851182683059608, 0.014528709212006616, 1
-0.6629624482137918, 0.6179616792993895, -0.8145968012307807, 0.014527769179387754, 1
-0.639688955768968, 0.6388164800366016, -0.8422557359455269, 0.014528192677321822, 1
-0.6171332937531794, 0.659516807175805, -0.8706277630968137, 0.014528106265712201, 1
-0.5914692935934509, 0.6807941893728315, -0.8956792810860497, 0.014528114674583707, 1
-0.5652861660744378, 0.7021840709637026, -0.9202121660840608, 0.014528115598558756, 1
-0.5366437197504433, 0.7236366203218279, -0.9411870588592107, 0.014528115034805613, 1
-0.5058545046598989, 0.7453520189806591, -0.9595244151620904, 0.014528115254354214, 1
-0.4709849050190045, 0.7658977717164067, -0.9689464058043508, 0.01452811523576867, 1
-0.4348101455073325, 0.7854752230477084, -0.9740094523189189, 0.014528113296585798, 1
-0.3967763753339959, 0.8011062318888522, -0.966657815674704, 0.01452811215944991, 1
-0.36000346182993825, 0.8127835739830509, -0.9518792079111481, 0.014528392450147573, 1
-0.3249445873814756, 0.8204221481841475, -0.9302139371795065, 0.014527432078151839, 1
-0.29368886177525994, 0.8228028212975992, -0.9027667127963305, 0.014525371195732816, 1
-0.26377909404895383, 0.8233816957178902, -0.8739701168166887, 0.014603445136446349, 1
-0.23763838827543984, 0.8190154055067639, -0.8415352319747964, 0.014779200482537778, 1
-0.2108316567899875, 0.815392684664847, -0.8097946938319984, 0.014761945394130093, 1
-0.18440994820501524, 0.8108113425835577, -0.7778213450946861, 0.014764944399144596, 1
-0.1584832226033364, 0.8048078761575532, -0.745685904227448, 0.014764897959148537, 1
-0.13339913983625862, 0.79663399112229, -0.7133632081148504, 0.01476481868611725, 1
-0.10962745819927062, 0.7854667777151864, -0.6809492777032535, 0.01476483213067146, 1
-0.08781572389131155, 0.7704259045782836, -0.6487110343819225, 0.014764832191381711, 1
-0.06881525972817316, 0.7507432499385779, -0.6172008713715, 0.01476483240169281, 1
-0.053526029017250204, 0.7260490796784299, -0.5872331983465927, 0.01476483229129341, 1
-0.042604838022819676, 0.6966753751534199, -0.5597158024801457, 0.014764832318303004, 1
-0.03617219818468616, 0.6635141225591357, -0.5352480686592688, 0.014764832325770548, 1
-0.0338542094915564, 0.6276900246202245, -0.5139973851955135, 0.014764832323391616, 1
-0.0350200627499893, 0.5901790058029008, -0.49576620318372583, 0.014764832323888677, 1
-0.03901546740636896, 0.5516777832702393, -0.4801852902445056, 0.014764832323772153, 1
-0.04527632859673599, 0.5126347111511136, -0.46685698641265144, 0.014764832323811958, 1
-0.053354135345044046, 0.4733249223208444, -0.4554227445079849, 0.014764832323795014, 1
-0.06290306650442326, 0.4339131538574741, -0.445581422399218, 0.014764832323801564, 1
-0.07365781214661474, 0.3944991925817272, -0.4370881354451905, 0.014764832323800053, 1
-0.08541265175112364, 0.3551435595638744, -0.42974422365805903, 0.014764832323800138, 1
-0.09801031706574422, 0.31587608489760904, -0.42338925615960094, 0.014764832323800088, 1
-0.11132537575494227, 0.27671581852896926, -0.41789280877560137, 0.014764832323800112, 1
-0.1252582508710046, 0.23767211053821705, -0.41314833507324555, 0.014764832323800122, 1

Vessel: 1, Number of Points: 100

-0.7890189325724389, 0.49443650129814737, -0.6300313145048937, 0.01417693388343909, 0
-0.8021665189540171, 0.4892191075146885, -0.6449066664811183, 0.014176933883439049, 0
-0.815255629432357, 0.4838442833325449, -0.6597777927410491, 0.01417693388343907, 0
-0.8282804897112906, 0.4783000897986551, -0.6746430393554999, 0.014176933883439062, 0
-0.8412352934260187, 0.47257453528116994, -0.6895007385377772, 0.014176933883438983, 0
-0.8541133461025319, 0.46665416926106673, -0.7043488387311437, 0.014176933883438977, 0
-0.866906807423421, 0.4605236614735974, -0.7191847923730976, 0.014176933883439246, 0
-0.8796066331074638, 0.45416572437680036, -0.7340055246284691, 0.014176933883438684, 0
-0.8922022824485321, 0.44756094991432915, -0.7488071982573744, 0.014176933883438388, 0
-0.9046811948608743, 0.4406871162832941, -0.7635849302833879, 0.014176933883441904, 0
-0.9170296870390674, 0.4335193214191828, -0.7783336392141355, 0.014176933883432488, 0
-0.9292302424686473, 0.426027930566671, -0.7930460508723698, 0.014176933883412854, 0
-0.9412605679343873, 0.4181782599544602, -0.8077118677496314, 0.014176933883427006, 0
-0.9530968303356141, 0.40993386618763605, -0.8223198629352361, 0.014176933883502708, 0
-0.9647060174921396, 0.40124758124666043, -0.8368533502774153, 0.014176933883518822, 0
-0.9760503971063752, 0.3920668552638724, -0.8512927907316523, 0.014176933883303119, 0
-0.987080627320555, 0.3823290513305623, -0.8656105482249328, 0.014176933883161448, 0
-0.9977344792288909, 0.3719604241151122, -0.8797699683094699, 0.014176933883857802, 0
-1.007932253517681, 0.3608749442279681, -0.8937212191955263, 0.014176933884227284, 0
-1.0175710648020408, 0.34897136396161504, -0.9073966087352209, 0.014176933881344469, 0
-1.026513423937938, 0.3361393754043589, -0.9206971084219298, 0.014176933883024746, 0
-1.0345853933207385, 0.3222591972667314, -0.9334906588797074, 0.014176933892432679, 0
-1.0415660007008205, 0.3072002178549478, -0.9456020980169058, 0.014176933858088851, 0
-1.0471780772833348, 0.29088941278766334, -0.9567805838283099, 0.014176933841468816, 0
-1.0511047420181399, 0.27332365090353716, -0.966711782639853, 0.014176933997056773, 0
-1.053076921800884, 0.2546508306664445, -0.9750771609905688, 0.01417693394055982, 0
-1.0529028218533576, 0.23515653138215759, -0.9815878978738136, 0.014176933343192697, 0
-1.0506087007130762, 0.21524467025552493, -0.9861316460633285, 0.01417693456241204, 0
-1.0463725552568528, 0.19530948836702233, -0.9887503941875717, 0.014176935525806216, 0
-1.0405079990704829, 0.17564312892943554, -0.9896561013084435, 0.014176927472377822, 0
-1.033335460608097, 0.1564030416271934, -0.9891138014793462, 0.014176934654445639, 0
-1.0251537675972728, 0.13764784235133326, -0.9874008632767927, 0.014176965492821018, 0
-1.0161987543059068, 0.11935930826652537, -0.9847578574779368, 0.014176894615701943, 0
-1.0066624767368724, 0.10149243681896734, -0.9813916808470294, 0.014176813724278545, 0
-0.9966862804838794, 0.0839857386788746, -0.9774656553652875, 0.01417719115123497, 0
-0.9863929605376656, 0.0667635942596624, -0.9731256737417651, 0.014177344582541147, 0
-0.9758877330222837, 0.049740656011481366, -0.9685005215192728, 0.014175702099629914, 0
-0.9652254688477561, 0.032878044711614464, -0.9636691286130685, 0.014175581013563438, 0
-0.9544367056359926, 0.01615580277853701, -0.9586858891523159, 0.01418216274959265, 0
-0.9436877406383661, -0.0006184404995450603, -0.953735085010051, 0.014181191558615695, 0
-0.9328984292325118, -0.0173433069348431, -0.9487443123408061, 0.014185379157675064, 0
-0.9204189222498704, -0.03201800779564527, -0.9420369870245539, 0.014380681195647341, 0
-0.9066573407181581, -0.045137917337862855, -0.934029481186246, 0.014677203601505082, 0
-0.892621639319686, -0.05792550330668382, -0.9257489935935446, 0.014908478379426346, 0
-0.8790788722132211, -0.07131058975084348, -0.9179794620272942, 0.014957682158628896, 0
-0.8657967648931197, -0.08500902563085187, -0.9104957036841143, 0.014913932577117199, 0
-0.8523582356241791, -0.09851191474836334, -0.9028860518252956, 0.014897221676959864, 0
-0.8387393333098944, -0.11178664594785037, -0.8951365322676029, 0.014908365842144097, 0
-0.8250299097480783, -0.12493807189248869, -0.8873483053766363, 0.014913679912718757, 0
-0.8112162065071133, -0.1379428188330662, -0.8795177918693989, 0.01491086951596708, 0
-0.7972460877024777, -0.15072948510715772, -0.8716026110826531, 0.014909276532340008, 0
-0.7830948954423846, -0.16325649963702804, -0.8635881163058586, 0.014909988542645043, 1
-0.7687502318394547, -0.17549493738992647, -0.8554719973759295, 0.014910440925488114, 1
-0.7541933133144693, -0.18740306501931386, -0.8472451689031291, 0.01491025665165157, 1
-0.7394024440190978, -0.19893224844549395, -0.8388953490263591, 0.01491013466434261, 1
-0.7243597550702998, -0.21003164948216732, -0.8304133370096679, 0.014910183966041267, 1
-0.7090497693553579, -0.22064868858325573, -0.8217917524663164, 0.014910215165835398, 1
-0.6934600003032845, -0.2307256342747299, -0.8130246920630624, 0.01491020153556055, 1
-0.6775802607643882, -0.24020174702821936, -0.8041074475997196, 0.014910194001396504, 1
-0.661406293718348, -0.2490132578475274, -0.7950387048275812, 0.014910197842558029, 1
-0.6449378504787118, -0.25709503847288534, -0.7858194132094538, 0.01491019955026177, 1
-0.628182877200717, -0.2643819500076702, -0.7764550238652655, 0.014910198467893106, 1
-0.611154443237801, -0.2708099957608099, -0.7669537895614987, 0.014910198104596133, 1
-0.5938754808833183, -0.2763207387060715, -0.757329320018547, 0.014910198405257626, 1
-0.5763742975608838, -0.280860596351578, -0.7475981128059751, 0.014910198479531494, 1
-0.5586883982693882, -0.28438820607245846, -0.7377815392064596, 0.01491019839728409, 1
-0.5408592505499211, -0.286870614229294, -0.7279030191979132, 0.014910198381495989, 1
-0.5229339145364604, -0.2882923765741913, -0.7179887726795572, 0.01491019840392092, 1
-0.5049605646506182, -0.2886479246012119, -0.7080654729074843, 0.014910198407977705, 1
-0.48698736487866806, -0.28795056303578787, -0.6981594785653114, 0.014910198401816076, 1
-0.46906080088855046, -0.2862218511743927, -0.6882960872283466, 0.014910198400401578, 1
-0.4512218949278796, -0.28349892707074764, -0.6784973270230221, 0.014910198402076913, 1
-0.4335087085091911, -0.279823977429982, -0.6687835097992929, 0.014910198402696995, 1
-0.41595066193994434, -0.27524797399069467, -0.6591700355867683, 0.01491019840228747, 1
-0.39857387174423453, -0.269824602129344, -0.6496704370369655, 0.01491019840199855, 1
-0.38139667135953914, -0.26360904222573855, -0.6402939277328221, 0.014910198402061326, 1
-0.3644328725176073, -0.25665730066943293, -0.6310472127226779, 0.014910198402182124, 1
-0.347692357141851, -0.24902343070944297, -0.6219348605802192, 0.014910198402197773, 1
-0.3311788584647201, -0.24075837195433863, -0.6129580980333433, 0.014910198402161986, 1
-0.3148951803898905, -0.23191216896653677, -0.6041176536575803, 0.014910198402141, 1
-0.29884089280595566, -0.22252965199032304, -0.5954125568281919, 0.014910198402144501, 1
-0.2830139444429887, -0.21265303741814465, -0.5868409851393175, 0.014910198402153813, 1
-0.2674113480290574, -0.20232297975772254, -0.5784006252580995, 0.014910198402154887, 1
-0.2520263005194596, -0.1915736461620834, -0.5700871644674389, 0.014910198402153553, 1
-0.23685198733662954, -0.18043661428602292, -0.5618963260433074, 0.014910198402153983, 1
-0.2218823789391823, -0.16894183671290888, -0.55382429301697, 0.014910198402154119, 1
-0.20711067973632033, -0.15711596677165912, -0.5458668796889375, 0.014910198402154034, 1
-0.19252991068369113, -0.14498336348750568, -0.5380198366604276, 0.014910198402154093, 1
-0.1781331496073677, -0.13256619444814222, -0.5302789817587295, 0.014910198402154157, 1
-0.16391354273443784, -0.11988449286999105, -0.5226402054662072, 0.01491019840215419, 1
-0.14986432217540788, -0.1069566940960316, -0.5150994717913184, 0.01491019840215423, 1
-0.13597894274462222, -0.09379930344876762, -0.5076528991974938, 0.014910198402154282, 1
-0.12225102687348893, -0.0804276700290089, -0.5002967175497689, 0.01491019840215433, 1
-0.10867448345541343, -0.0668554828716532, -0.49302734193347525, 0.014910198402154379, 1
-0.09524340118771948, -0.05309555389328629, -0.4858413009947825, 0.014910198402154429, 1
-0.08195214698675804, -0.03915943656669305, -0.47873529748239474, 0.01491019840215448, 1
-0.06879531799984236, -0.025057845087530388, -0.47170617491193345, 0.014910198402154533, 1
-0.05576790973740539, -0.010800105425593077, -0.46475101931852036, 0.014910198402154585, 1
-0.04286496640345071, 0.0036046261379069347, -0.45786694638143877, 0.014910198402154646, 1
-0.030081532201981398, 0.018147193321758192, -0.45105107177997134, 0.014910198402154708, 1

Vessel: 2, Number of Points: 100

-0.7854846927918466, 0.5055604586783223, -0.40908238692026205, 0.017904903744505034, 0
-0.7930855577031651, 0.5196762853537725, -0.4008530746620314, 0.017821003523504093, 0
-0.8008110182600223, 0.5338970694701964, -0.39291667531284413, 0.017835872836827877, 0
-0.8085992217143518, 0.5481693164167729, -0.3851324773233362, 0.017901325144204946, 0
-0.8163883153180872, 0.5624395315826808, -0.3773597691441441, 0.01796917390536383, 0
-0.8241175572630141, 0.5766567478712347, -0.36945507400428185, 0.017991152720301724, 0
-0.8317339926888843, 0.5907877143753615, -0.36125553277209094, 0.017918435425522034, 0
-0.8392146895180247, 0.6048237135344031, -0.3526714263069642, 0.017726474296250468, 0
-0.8467823839760795, 0.6189120997996445, -0.34436244947354094, 0.01761636921167052, 0
-0.8547628897715805, 0.6332716208056595, -0.3372827868661941, 0.01788069261621525, 0
-0.8631308132619412, 0.6479691314740678, -0.33107476895822513, 0.018450790657070226, 0
-0.8715293606615674, 0.66284878438799, -0.32441086651316386, 0.01896041262533116, 0
-0.878267751733868, 0.6761046544991515, -0.3146041915989829, 0.018256847886284556, 0
-0.8819758581751186, 0.6860775433258506, -0.30014849794992376, 0.01595797462452418, 0
-0.8843918349963078, 0.6944521241118863, -0.2843986109922737, 0.014459982997308721, 0
-0.8867753871192658, 0.7027624473988886, -0.2686554853272699, 0.01407846074131557, 0
-0.8895853315794128, 0.7116359421083627, -0.2532151789508554, 0.01433660307881987, 0
-0.892429608354105, 0.7205938290019159, -0.23782011331311703, 0.014465690759316845, 0
-0.895095571834092, 0.7292915104415546, -0.2222684154862139, 0.01437022498686067, 0
-0.8975626327450612, 0.7376019430101093, -0.20647072061930866, 0.014351086313840133, 0
-0.8999237905513218, 0.745703731728973, -0.1905425257646148, 0.014378624078062549, 0
-0.9022951602485658, 0.7538318849574197, -0.1746331467959327, 0.014377987185157376, 0
-0.904764326947913, 0.7621412115711813, -0.1588320440106983, 0.014372549387485846, 0
-0.9072023336851418, 0.7703911057389247, -0.1429955344895935, 0.014373759621451819, 0
-0.9093329572139389, 0.7780740096513619, -0.12683032225712304, 0.014374457974451233, 0
-0.9110979468377958, 0.7850758753868525, -0.11031507667566753, 0.014374070705226064, 0
-0.9126428304194588, 0.7916624344337687, -0.09361293607669552, 0.0143740479033072, 0
-0.9143828747910437, 0.7986138445894229, -0.07706409644685303, 0.014374132622877086, 0
-0.9161243321928969, 0.8055671373735495, -0.0605264595309264, 0.014374113905815401, 0
-0.917075047511185, 0.8110330672440993, -0.0433973527478305, 0.014374100424458094, 0
-0.9173279775628626, 0.8151696025070523, -0.0258349710032412, 0.014374108038983629, 0
-0.91736240629854, 0.8188716433097242, -0.008232884349170319, 0.014374108990134523, 0
-0.9174378176351297, 0.822678146018005, 0.009489558800923711, 0.014374107129594976, 0
-0.9170746580157207, 0.8256295320623452, 0.027309970144793066, 0.014374107392812481, 0
-0.9150399625622814, 0.8252169942534283, 0.04498615825992905, 0.014374107694186159, 0
-0.9121264425170075, 0.8230691716520364, 0.06279521218643354, 0.014374107568373607, 0
-0.9095702242902367, 0.8216776208021194, 0.08083129867899894, 0.014374107594228042, 0
-0.9054687956293804, 0.8169572588205392, 0.09724049876842379, 0.014374107469216477, 0
-0.8994632292069205, 0.8081801059653381, 0.11197909750559108, 0.014374107428210055, 0
-0.8936332032684883, 0.7998350182446048, 0.1272443506673645, 0.014374108233497846, 0
-0.8875464737568839, 0.7908296471597194, 0.14132475765032795, 0.014374107410097484, 0
-0.8800488670084147, 0.7785349918875183, 0.15196420953733525, 0.014374104607693061, 0
-0.8722839082436654, 0.7656331324225817, 0.16226073962040488, 0.01437411203210068, 0
-0.8648461766165052, 0.7534984448689501, 0.1733383969676308, 0.014374116530379375, 0
-0.8568746287863055, 0.7400888935778036, 0.18202528624987535, 0.014374076165566827, 0
-0.8484049648057815, 0.7254966216008136, 0.18865466341108178, 0.014374101588502077, 0
-0.8400234399947045, 0.7111186343482311, 0.19562684198981709, 0.014374258308849138, 0
-0.8317226642475138, 0.6969265796744223, 0.20297592059206052, 0.014373942196424813, 0
-0.8233320198973545, 0.6825441935679561, 0.20990862793607118, 0.014373586593393575, 0
-0.8147108274694992, 0.6677424775813761, 0.21544693288851507, 0.014375530577592596, 0
-0.8059221336028357, 0.6526530205848265, 0.21995305206937088, 0.014374975172032591, 0
-0.7971694423431688, 0.6376392484536711, 0.2247357910209408, 0.014366603832873623, 1
-0.788478647230517, 0.6227030450074224, 0.22985488406657248, 0.014379379197386627, 1
-0.7797729961501974, 0.6077315013479105, 0.23485275023011415, 0.014398235603526004, 1
-0.7709020986079008, 0.5926726000473533, 0.2392147312577959, 0.01428102096965938, 1
-0.7618633237994499, 0.5775370025005016, 0.24295764975915943, 0.014047119394471876, 1
-0.7527774145286192, 0.5623769398638652, 0.2465178172703461, 0.013856240662166387, 1
-0.7437397030458598, 0.5472355787676462, 0.2502467851630481, 0.013824344112922828, 1
-0.734718558658499, 0.5321110939762617, 0.25407177057281505, 0.013857142990510201, 1
-0.7256658194800761, 0.5169997167288436, 0.257879139802808, 0.013857709795412598, 1
-0.7165740221459064, 0.5019206168446793, 0.2617225528887206, 0.01385022379315747, 1
-0.7074332759450008, 0.4868920360268342, 0.2656457198289378, 0.013851567988026286, 1
-0.6982250960209264, 0.47192794547966743, 0.2696570225873618, 0.013852933841102203, 1
-0.6889334176448272, 0.4570444568012775, 0.2737744520995834, 0.013852349602796526, 1
-0.679543761497063, 0.4422592667416603, 0.27802212047620256, 0.013852179456133967, 1
-0.67004109239779, 0.42759091786417613, 0.2824209499170193, 0.013852347062385575, 1
-0.6604105154933418, 0.413058946866235, 0.28699135520974817, 0.01385234841339175, 1
-0.6506378204209046, 0.3986845758316654, 0.2917546876716689, 0.013852311255785116, 1
-0.6407093949749321, 0.3844905148013957, 0.2967321391979504, 0.013852318991041942, 1
-0.6306123006707381, 0.3705010361226417, 0.30194455207477244, 0.013852325157684538, 1
-0.6203347642698409, 0.35674230534628776, 0.30741232497038595, 0.013852322035739394, 1
-0.6098660781344588, 0.3432419442598952, 0.31315533191356665, 0.013852321474981808, 1
-0.5991973073352721, 0.3300294784735974, 0.3191923239761811, 0.013852322292156645, 1
-0.5883211858398469, 0.3171356695710878, 0.32554082573445, 0.013852322222961982, 1
-0.5772326648397669, 0.30459262408216947, 0.3322166394481568, 0.013852322064279323, 1
-0.5659292649956195, 0.29243314976148055, 0.3392332754551309, 0.01385232211678292, 1
-0.554410909124166, 0.2806904100084451, 0.3466020000740865, 0.013852322137547637, 1
-0.5426808722613682, 0.2693971088721711, 0.35433062724704373, 0.01385232212094787, 1
-0.5307449551244819, 0.25858498722500156, 0.3624241613430631, 0.013852322120296174, 1
-0.5186123654468014, 0.24828378543188767, 0.3708835798958505, 0.013852322124150709, 1
-0.506294915394177, 0.23852052708462887, 0.3797063815604915, 0.013852322123486976, 1
-0.4938070693980895, 0.2293189904833036, 0.38888636073024074, 0.013852322122760287, 1
-0.48116555501923, 0.22069828936517483, 0.39841351139919745, 0.013852322123054938, 1
-0.4683886275978018, 0.2126736822218527, 0.4082750236673298, 0.013852322123169008, 1
-0.45549583224691254, 0.2052544115310869, 0.4184547887481655, 0.013852322123078825, 1
-0.4425071379507423, 0.19844580065952475, 0.42893495838992773, 0.01385232212306348, 1
-0.4294425195760176, 0.19224702788418654, 0.43969560492980353, 0.013852322123088125, 1
-0.4163214659463802, 0.1866537423026386, 0.4507160879519231, 0.013852322123090084, 1
-0.4031623634486557, 0.18165636922576034, 0.4619750888330021, 0.013852322123083453, 1
-0.38998252398746497, 0.17724264294300857, 0.4734514379081261, 0.013852322123083087, 1
-0.3767974530223577, 0.17339643639545646, 0.4851244396231381, 0.013852322123084966, 1
-0.3636213880486548, 0.17010004044863708, 0.4969741119282999, 0.013852322123085186, 1
-0.35046632634622393, 0.1673333421739455, 0.508981865451415, 0.01385232212308469, 1
-0.337343260809237, 0.16507554973520377, 0.5211298697965735, 0.013852322123084604, 1
-0.32426100998573193, 0.1633047425734055, 0.5334020527112613, 0.01385232212308478, 1
-0.3112275840580444, 0.1619988666407241, 0.545783092131857, 0.013852322123084902, 1
-0.29824854261326217, 0.1611363507331425, 0.5582602397130854, 0.01385232212308492, 1
-0.2853285166644249, 0.16069580660473565, 0.5708217223372464, 0.0138523221230849, 1
-0.27247213546340904, 0.1606558463565828, 0.5834557687362885, 0.013852322123084918, 1
-0.2596840282620906, 0.16099508208976326, 0.5961506076421601, 0.013852322123085034, 1

Vessel: 3, Number of Points: 100

-0.8794103025224793, 0.6786810507574808, -0.3118298127213478, 0.014044329110540491, 0
-0.9032471023650035, 0.7211016461675684, -0.31346589897954047, 0.01404432911054047, 0
-0.9268566065452627, 0.7636614204294508, -0.3147424386213129, 0.014044329110540566, 0
-0.9501937324278067, 0.8063817267765145, -0.3155920730544963, 0.01404432911054008, 0
-0.9731969786646092, 0.8492897504035354, -0.3159241425292597, 0.014044329110539757, 0
-0.9957795047540035, 0.8924206706299534, -0.31561266307138747, 0.01404432911055651, 0
-1.0178119759133726, 0.9358211242742859, -0.3144736441246136, 0.01404432911068821, 0
-1.0390873808081365, 0.9795552346505507, -0.31221925017335844, 0.01404432911009088, 0
-1.0592419963871162, 1.0237055481861683, -0.3083628028397106, 0.014044329113283797, 0
-1.077521296280302, 1.0683619495809744, -0.30194617721313904, 0.01404432909745052, 0
-1.0919365427088066, 1.1134429518470264, -0.2906454300605989, 0.014044329103295788, 0
-1.0939242159040141, 1.1549327198829586, -0.26677218339936437, 0.014044328676621603, 0
-1.067413058224462, 1.1642533754687183, -0.22920892135420587, 0.01404437058130167, 0
-1.033366756615039, 1.150082347904189, -0.19750980307833274, 0.014045982639592494, 0
-0.9991314788717324, 1.130122770448148, -0.16924519794488765, 0.01404675144758696, 0
-0.9648921532915553, 1.109241412264308, -0.14131664758741203, 0.013930240932771384, 0
-0.9316652181977546, 1.079456294624805, -0.12412218057958012, 0.015511841056645184, 0
-0.898963111161598, 1.0447769846638795, -0.11291817301230679, 0.016066089769085388, 0
-0.8690131635401184, 1.0064071258617238, -0.11132631684797215, 0.0160740012886057, 0
-0.8390475085209974, 0.9680865747737937, -0.11005777999146324, 0.01606502687348531, 0
-0.8110813158318103, 0.9286353248245486, -0.1156493683074905, 0.016065219101578158, 0
-0.7828378866276308, 0.8892256268734207, -0.12021888756154256, 0.016065403941718563, 0
-0.75551327702291, 0.8500996391300143, -0.12978847791708048, 0.01606539223032643, 0
-0.7282611230854378, 0.8110300652600285, -0.1398191280275671, 0.01606538867100371, 0
-0.7009920947957076, 0.7720593585776336, -0.15017205487509236, 0.0160653890600136, 0
-0.6734467018579567, 0.7342650776491882, -0.1637372080064317, 0.01606538912285028, 0
-0.6459077143128912, 0.6963899938238749, -0.1770559348656591, 0.01606538911220868, 0
-0.618037550918784, 0.6589640821119527, -0.1908832537890922, 0.016065389111198716, 0
-0.5889832447667084, 0.6231201969909694, -0.20643766112725165, 0.016065389111553148, 0
-0.5600885069599448, 0.5870816160365893, -0.22181882680471485, 0.016065389111907358, 0
-0.5304868735585473, 0.5517654741341524, -0.23751358147879445, 0.016065389108962547, 0
-0.49878766734035657, 0.5187149886883758, -0.2540437975073425, 0.016065389145772074, 0
-0.4673752785906999, 0.4853455638253958, -0.2704698391156155, 0.01606538903986463, 0
-0.4351524983739586, 0.45280825524096546, -0.28691420556677866, 0.016065387030385507, 0
-0.40015773164699603, 0.4231815352306415, -0.30332647283741226, 0.016065398674814105, 0
-0.36547084651150674, 0.39322075212391155, -0.31975481205731515, 0.01606545590997401, 0
-0.3295033536320276, 0.3647157684916199, -0.33583519462500916, 0.016064905100778074, 0
-0.2912465869126274, 0.3388444478277642, -0.3512750690966147, 0.01606410267211835, 0
-0.253324150179731, 0.3125731406216844, -0.3668490611774652, 0.01608243369912953, 0
-0.2138589891247408, 0.2882558784383951, -0.3816727485065414, 0.016064192537772377, 0
-0.17362870763124422, 0.2648767695907077, -0.3959325857959811, 0.015717098760722453, 0
-0.13246557859410257, 0.24333885501121155, -0.4105493381440675, 0.01854016142403369, 0
-0.10772361104811136, 0.20395368351016546, -0.4199414171094876, 0.020023406406095293, 0
-0.09205282847621855, 0.15829847546607745, -0.4265248830241562, 0.019314123984683216, 0
-0.07141509911842049, 0.11491484120735952, -0.4343864311144966, 0.01937179623830579, 0
-0.05303111154209719, 0.07051078851311522, -0.44201853806206204, 0.01951362234049663, 0
-0.03551154593310981, 0.025751125653896482, -0.44989983840608794, 0.021588531251180678, 0
0.003779725561402748, -0.0005715712450313406, -0.45222302748357135, 0.022908437632077307, 0
0.052344464076809316, -0.003796376272674584, -0.4490294523620829, 0.022656260793554966, 0
0.10083335474300481, -0.0022742059189748845, -0.44502066208130414, 0.02210417634350344, 0
0.14932954576628038, -0.0048875582417026615, -0.44210305071067874, 0.02182662543052301, 0
0.1973261165681419, -0.012911656590910668, -0.4402968294833057, 0.021901211726785764, 1
0.2451181198843941, -0.021912718071158355, -0.4378972465957421, 0.022013707585350935, 1
0.29320232094845006, -0.028374444546047296, -0.43400314377268007, 0.02192759615232978, 1
0.34144118590842676, -0.034229516555998665, -0.4307927518829323, 0.021829792614776678, 1
0.38924693348725636, -0.04336684802348988, -0.4312451973704601, 0.02204176221736512, 1
0.4362023361206604, -0.05567980189146862, -0.4348326917381166, 0.022615137974416125, 1
0.4836622042135264, -0.06637841900302614, -0.43638908729594766, 0.02340075362740057, 1
0.5286478541564653, -0.061910975309311556, -0.4226817699628764, 0.024096267803242394, 1
0.5496459830246359, -0.03372615471495337, -0.3892713151572934, 0.024140404215469213, 1
0.5625677758072876, -0.002667778434311391, -0.3540365734469269, 0.02407932170029025, 1
0.5799676583550324, 0.026697715923071866, -0.3193392349710118, 0.02415745506336936, 1
0.5993220786996897, 0.056485327544945486, -0.28605154182766285, 0.02395390945953138, 1
0.6173662594381121, 0.08684225145171556, -0.2524704664875035, 0.02372484778252209, 1
0.6340973759272062, 0.11281736213338096, -0.21506572923627876, 0.0247304432054433, 1
0.6515961494771922, 0.1401321501584979, -0.1784753592928618, 0.02662334058075733, 1
0.6707139711880487, 0.1813186004296256, -0.16223114502943706, 0.027255527692793775, 1
0.6893342777130599, 0.22605307840157363, -0.15725818296033778, 0.02710632099030546, 1
0.7081913124871941, 0.2703864892604668, -0.14937068286392083, 0.02783645476448556, 1
0.7183320315378523, 0.30800333164474764, -0.12255291400619032, 0.02901701385482058, 1
0.7148235348613731, 0.3272794052507873, -0.07806271020164679, 0.02897456366735433, 1
0.7071065625596632, 0.33895904912853114, -0.03137502433884752, 0.02853050884325955, 1
0.6994158017244798, 0.3506730036254892, 0.015239967471368398, 0.02809275161999718, 1
0.6941922230394445, 0.3670127404192374, 0.06081130314922949, 0.027890741762996996, 1
0.6915019457331076, 0.3877517975673084, 0.1047820646004489, 0.02792432724250512, 1
0.6900192671302108, 0.4104410294476359, 0.1478493339917068, 0.028063763055533337, 1
0.688119879723974, 0.43235365758653166, 0.19126984029983823, 0.028155181451455964, 1
0.685140822097808, 0.45243673058215333, 0.23552993302248698, 0.028142798482670008, 1
0.6817824374017927, 0.47197578618510666, 0.27999646580903426, 0.028107230234373885, 1
0.6786636880906978, 0.4921750244993168, 0.32418760389394996, 0.028121362884835032, 1
0.6761392175055831, 0.5136369241173837, 0.3678072505450097, 0.028230284390283817, 1
0.6737794982143668, 0.5353513818613902, 0.4113354031420244, 0.028404376843217467, 1
0.6706015819128488, 0.5550414640872854, 0.4557423370910274, 0.028548943344328295, 1
0.6658231833555227, 0.5707972037237212, 0.5015746410128206, 0.028598594084809227, 1
0.6596960771746624, 0.583287355955743, 0.5482291489490817, 0.028623658339002184, 1
0.6535673247133295, 0.5956169695789174, 0.5949387294514914, 0.028608648230731518, 1
0.6477265089337356, 0.6083228904531555, 0.6415415079736336, 0.0284623680738026, 1
0.6414106328936893, 0.6214803699173276, 0.6880383674241067, 0.028883481579586912, 1
0.6353846456494506, 0.6341835777483416, 0.7346834675463032, 0.0304971393533662, 1
0.6338311611552557, 0.6374730809238207, 0.7830290263946691, 0.030994959262747333, 1
0.6347981538895698, 0.6354249829775469, 0.8319129568939605, 0.030685087399876593, 1
0.6353492742381599, 0.6342625312068327, 0.8804969670493584, 0.030525130414597108, 1
0.6350400897002232, 0.6349153983998662, 0.9291914110183056, 0.030615505413997022, 1
0.6349092026955044, 0.635191705468914, 0.9778859391861808, 0.03060367060120532, 1
0.6349847382803133, 0.6350322661506511, 1.0265667112842236, 0.030625924653219658, 1
0.6350220695537777, 0.6349533799705213, 1.0752544731229645, 0.030805405403067067, 1
0.6350044465022392, 0.6349906048266029, 1.1239405865539507, 0.031008976739523453, 1
0.6349952974423257, 0.6350099354526894, 1.172626744525821, 0.03106368522939614, 1
0.6350030784592409, 0.6349934958124956, 1.2213135750668225, 0.031016471219101754, 1
0.6349999999999999, 0.6349999999999999, 1.2699999999999998, 0.03103501654333819, 1

Vessel: 4, Number of Points: 100

-0.7000220137600246, -0.4425871959600195, 0.39540667164907517, 0.019434235309395535, 0
-0.687201460147556, -0.4525379966592953, 0.3697239062911744, 0.01941371003151094, 0
-0.6738553759274578, -0.4624485636531561, 0.34429678569124933, 0.019417482734855225, 0
-0.6602502245338213, -0.47233849634685887, 0.3189980267218463, 0.01943327897293859, 0
-0.6466310188743342, -0.4822271101487349, 0.2937068133633125, 0.019449738349388086, 0
-0.6332312757502927, -0.49213419110330026, 0.2683039774538919, 0.019455955739678697, 0
-0.6204007543349412, -0.5020830483319103, 0.24262951419953582, 0.019435963125087535, 0
-0.6080584611428657, -0.5120668852027312, 0.21672453480691015, 0.019393516173412884, 0
-0.5953663588766653, -0.5220264135810537, 0.19098250747834766, 0.01936710845482046, 0
-0.580945446219041, -0.5318494515926134, 0.1660936425135699, 0.019420949852491175, 0
-0.5647816076086041, -0.5414542837167239, 0.14229967182375985, 0.019559762072363436, 0
-0.5489299057938394, -0.5511615461511533, 0.11812564926489802, 0.01968060713448133, 0
-0.5389141080489288, -0.5612385658654405, 0.09133595282994375, 0.019534586264562774, 0
-0.5419767994602119, -0.5707337115720994, 0.06282906096471921, 0.018891136124494546, 0
-0.5551522238582911, -0.5786499201849139, 0.03641943008992581, 0.018034624342367914, 0
-0.5709796588939019, -0.5859066284944743, 0.011527000649555036, 0.01734559444281414, 0
-0.5859510354960362, -0.593528150683788, -0.013761693995837843, 0.017052471323516685, 0
-0.5989456325598023, -0.6016747926413888, -0.039995427479471685, 0.01711428989795262, 0
-0.6103596823698321, -0.6098895675614157, -0.0669253876948194, 0.017216859260147894, 0
-0.621195053588073, -0.6176987383527411, -0.09421016884794013, 0.017028610829680903, 0
-0.6324605668497998, -0.6251930979390313, -0.12140817831585715, 0.01660800336024348, 0
-0.6451759310147325, -0.6332560823818523, -0.14779938439351092, 0.01660268575595626, 0
-0.6600753991730631, -0.6425971768503588, -0.17256070004795915, 0.01758945165470811, 0
-0.6759351477657882, -0.6526092228585332, -0.19633553230540796, 0.01908558019265122, 0
-0.6897417606335541, -0.6615400076353232, -0.22213563725008015, 0.019781297006107035, 0
-0.694126475863233, -0.6648870193654874, -0.25135968423719973, 0.01646133812243267, 0
-0.6903224284033798, -0.6634113841530035, -0.2814844765897342, 0.013963937362689362, 0
-0.686557495053832, -0.6615729621843399, -0.3115604169118016, 0.014135478046245575, 0
-0.6812851736488275, -0.6602993845898029, -0.34143723626875694, 0.014039650008361151, 0
-0.6745578283283001, -0.6594386337551323, -0.3710453079275009, 0.014070390258959188, 0
-0.6681248780465562, -0.6584900598926676, -0.40077268134684196, 0.014063260437435542, 0
-0.6578873655034935, -0.6586794838248475, -0.42928622461745714, 0.014065037595497567, 0
-0.6466514354144227, -0.6591719709245385, -0.45753646169748374, 0.014064553614287724, 0
-0.6336329416929791, -0.6601847798036474, -0.48493384809012324, 0.014064681169810673, 0
-0.616920310281437, -0.6623153775513657, -0.5102172017527348, 0.014064648616787374, 0
-0.6005201149561403, -0.6643715465762893, -0.5357539611303153, 0.01406465710635767, 0
-0.5810340474400193, -0.6673192597536042, -0.5587407788991541, 0.014064654886631457, 0
-0.559184703814379, -0.6709568633747458, -0.5795966238153094, 0.014064655459818099, 0
-0.5378876464655699, -0.6744632244488796, -0.6009791741493306, 0.014064655310619177, 0
-0.5147765624083849, -0.678408996172193, -0.6202570022198258, 0.014064655349334957, 0
-0.48984834504854785, -0.6828139670138043, -0.6370769448988948, 0.014064655339395406, 0
-0.46479677976905603, -0.6872373258847309, -0.6536643681664811, 0.014064655342017335, 0
-0.44007202556382796, -0.691614453034112, -0.6708199941736507, 0.014064655341185504, 0
-0.41354124204630227, -0.6961892069604768, -0.6847971846684111, 0.014064655341970076, 0
-0.3865164953894033, -0.7008208427383131, -0.697912661126538, 0.014064655339678234, 0
-0.35957182883474564, -0.7054259879844155, -0.7111538688961018, 0.01406465534791448, 0
-0.332793268091987, -0.7100764938926395, -0.7247537014198604, 0.014064655317838282, 0
-0.3049649088589954, -0.7144971056167111, -0.73605662869785, 0.014064655427355488, 0
-0.27669439707033, -0.7188227685024873, -0.7463248688302752, 0.014064655028388922, 0
-0.24849630789905422, -0.7231409622063106, -0.7567682358415374, 0.014064656476318773, 0
-0.22039756682807957, -0.7275434491727076, -0.7674404441529304, 0.014064651224178541, 0
-0.19206545297256858, -0.7317750343362776, -0.7775716634484469, 0.014064670155330274, 1
-0.1630176922351876, -0.7353669996959169, -0.785687575157491, 0.01406460186889148, 1
-0.13394584472882737, -0.7389428322614, -0.7937515127205936, 0.014064847197518021, 1
-0.10492436576242611, -0.7425688724302258, -0.8019690193542469, 0.014063969474643131, 1
-0.07586375870104149, -0.7461498574977008, -0.8100639228119597, 0.014067099078435888, 1
-0.046785028510677465, -0.7496726522029954, -0.8180939093901546, 0.014094091783509838, 1
-0.01722778557678574, -0.7522564340845195, -0.8245352756245623, 0.014376679764474733, 1
0.012603968671888937, -0.7543075505544373, -0.8300670206730234, 0.014725570671035138, 1
0.0423907396161254, -0.756451121339877, -0.8357504803596019, 0.014886334480324276, 1
0.07206159467414906, -0.7587865392157587, -0.8418229339795652, 0.014853085616271685, 1
0.10179528202980619, -0.76087641230975, -0.8476910764758224, 0.014849075320477755, 1
0.131604570533896, -0.7626004334484855, -0.853299405592088, 0.014856108017258797, 1
0.1614951377979713, -0.7638275254822725, -0.8585876469756224, 0.014853384649002177, 1
0.19148719593863003, -0.7643591571987872, -0.8634017410992536, 0.014853768166257695, 1
0.22157436398877922, -0.7639913540261873, -0.867603412607448, 0.014853941819267889, 1
0.2517259873555779, -0.7624788829558442, -0.871017358223243, 0.014853807087824099, 1
0.28186895765234543, -0.7595338209654681, -0.8734313769413709, 0.014853854440002128, 1
0.31186268359494373, -0.7548271872735731, -0.8745957163758799, 0.014853844105381018, 1
0.3414678239825905, -0.7480003697691034, -0.8742248929640324, 0.014853844805947829, 1
0.37031308259569284, -0.7387054877168652, -0.872021465109395, 0.014853845454003551, 1
0.3978883004075091, -0.7266832690149039, -0.8677291520157889, 0.01485384503486441, 1
0.4236018323072955, -0.711861395791947, -0.8612098839493368, 0.014853845208655033, 1
0.44691187612960015, -0.694415781435393, -0.8525059740551629, 0.014853845148728678, 1
0.4674692381640781, -0.6747372463393746, -0.8418380439136319, 0.014853845165286787, 1
0.4851813639921993, -0.6533205773719213, -0.829537198692444, 0.014853845163544111, 1
0.5001803716115225, -0.6306445195949781, -0.8159566552230129, 0.01485384516160684, 1
0.5127240294810799, -0.6070954878834764, -0.8014039035705661, 0.014853845163044582, 1
0.523109312223711, -0.5829644419868353, -0.7861257201210969, 0.014853845162788348, 1
0.5316308692909835, -0.5584552378145572, -0.7703078335947523, 0.014853845162556636, 1
0.5385424311611733, -0.533706887802196, -0.7540847196806649, 0.014853845162672501, 1
0.5440704030397925, -0.508820511047695, -0.7375603970092326, 0.014853845162679598, 1
0.5484018494439838, -0.48385370594304306, -0.7208027249911697, 0.014853845162677038, 1
0.5516919977700804, -0.4588493432568471, -0.7038645817283958, 0.014853845162678545, 1
0.5540703160550526, -0.43383727453331394, -0.6867859551948593, 0.014853845162677713, 1
0.5556448330843969, -0.40883734621262724, -0.6695966839363247, 0.014853845162678084, 1
0.5565063029905803, -0.38386316493173855, -0.6523196982287156, 0.014853845162677957, 1
0.556731454727649, -0.35892375393612247, -0.6349726559397681, 0.014853845162677974, 1
0.5563854820727376, -0.3340250232302334, -0.617569336047244, 0.014853845162677973, 1
0.5555239236182544, -0.30917065155174905, -0.6001205318642999, 0.014853845162677959, 1
0.5541948025940657, -0.2843628364993229, -0.582634890881371, 0.014853845162677962, 1
0.5524398249495379, -0.25960268973783207, -0.5651193677158156, 0.014853845162677962, 1
0.5502949577626595, -0.23489051070131928, -0.5475795005642583, 0.014853845162677964, 1
0.547792076347247, -0.21022611672929048, -0.5300198853408714, 0.01485384516267796, 1
0.5449590270846897, -0.1856089155904959, -0.5124442355298378, 0.014853845162677955, 1
0.541820548829372, -0.16103807043198798, -0.49485563367095514, 0.01485384516267795, 1
0.5383989164990367, -0.1365125770287966, -0.47725668056108655, 0.01485384516267794, 1
0.5347130229023405, -0.11203129567014469, -0.45964938142313233, 0.014853845162677938, 1
0.5307804793476263, -0.08759303583823251, -0.4420355161825248, 0.014853845162677936, 1
0.5266188945266406, -0.06319660691152046, -0.42441686430467823, 0.014853845162677931, 1

Vessel: 5, Number of Points: 100

-0.6945838039873915, -0.6651223856569539, -0.24907527520318135, 0.013158858916635156, 0
-0.6983174233933949, -0.6882028793114725, -0.24848921062137183, 0.01315885888561674, 0
-0.7012733070209973, -0.7113782561554332, -0.24744960711872965, 0.013158858960103497, 0
-0.703191882131643, -0.734636444529888, -0.24581022935267335, 0.01315885878284456, 0
-0.7036594273311594, -0.7578916777729936, -0.24334581047971435, 0.013158858974622547, 0
-0.702009913654239, -0.7809373561400467, -0.23970175031700164, 0.013158859154429034, 0
-0.6970852768046968, -0.8031895844562632, -0.23428786187704828, 0.013158857008226386, 0
-0.6870499357931562, -0.8227916511363443, -0.2262780115309195, 0.013158865101511855, 0
-0.671280657850021, -0.8363638729060124, -0.21571447686902653, 0.013158836804236336, 0
-0.6519856209141379, -0.8426381151867948, -0.2040022769890352, 0.013158942154436118, 0
-0.6317031837143721, -0.8436804137134241, -0.19234257706009547, 0.013158676534594457, 0
-0.6113416256133392, -0.8420418675085795, -0.18095273919774757, 0.013158776348107139, 0
-0.5910159489984227, -0.8393041233461342, -0.16971288729242123, 0.013160554263560355, 0
-0.5706944790250403, -0.8365214911911469, -0.15847799315031658, 0.013153599220410568, 0
-0.550359316296404, -0.8339546473684455, -0.1472156738244112, 0.013165041178055725, 0
-0.5300267892102732, -0.8313463521440909, -0.13595897020526795, 0.013174061177901358, 0
-0.5096697403338558, -0.8283781763128651, -0.12486839887900783, 0.013612004025756689, 0
-0.4891908951104049, -0.8248015267136606, -0.11424643665125353, 0.015206248991488928, 0
-0.4686971047611646, -0.8212551524491897, -0.10358392538425253, 0.015809145178814814, 0
-0.44820793176805834, -0.8178103696719926, -0.09283377084848299, 0.015556735160658941, 0
-0.42770742332581463, -0.8143006769010873, -0.08214030651428893, 0.015568091968734168, 0
-0.4072402713142854, -0.8108986093260838, -0.07135191521309371, 0.015607055651725436, 0
-0.3867682687046754, -0.8074905600613922, -0.06056801934911093, 0.015588891712143062, 0
-0.3662126402581421, -0.8037918326977278, -0.050042791974819166, 0.01559015072925335, 0
-0.34553665751012574, -0.7996283303010194, -0.03994104426539917, 0.015592754592370384, 0
-0.32481926277380013, -0.7952979555166743, -0.02998981552145669, 0.015591452632433684, 0
-0.3041356460327354, -0.7911039727420367, -0.019913091465622226, 0.015591573098657828, 0
-0.2834413468158083, -0.7868862831768678, -0.009867379363736932, 0.015591746136594871, 0
-0.26275536122021936, -0.782682686489606, 0.00019897478966494735, 0.015591653177406382, 0
-0.24209861229021987, -0.7785607164426697, 0.01035968325197891, 0.015591663848070281, 0
-0.22141647056998529, -0.7743787727302937, 0.020454022903345224, 0.015591675266075342, 0
-0.2006055577173161, -0.7697906324297276, 0.03007749284731514, 0.015591668652960848, 0
-0.17965077206399663, -0.7647270020652556, 0.03914778883714728, 0.01559166955493207, 0
-0.1587002823312485, -0.759673734189276, 0.04823268663737526, 0.01559167030185561, 0
-0.13776748962728227, -0.7546862147024052, 0.057390815804558425, 0.015591669832909211, 0
-0.11682845242113628, -0.7496846347473586, 0.06652825272165706, 0.015591669906652167, 0
-0.09590413808298631, -0.7447156210435504, 0.07571207399911693, 0.01559166995508739, 0
-0.07501007331221819, -0.7398455733204626, 0.08503366906449587, 0.015591669921950832, 0
-0.054069392520365016, -0.7348345566544036, 0.09416161783019297, 0.01559166992784051, 0
-0.03292140676552463, -0.7291392414026522, 0.10234634096528622, 0.015591669930949943, 0
-0.011677594826405416, -0.7231085283611534, 0.1100670261573057, 0.015591669928617451, 0
0.009546810915797663, -0.7171284112005448, 0.11785431128466142, 0.015591669929079987, 0
0.030769132953875556, -0.7111724014170321, 0.12567191349688633, 0.0155916699292774, 0
0.05198094066097398, -0.7052425629456899, 0.13352682099057817, 0.015591669929112912, 0
0.07317055820736051, -0.6993964644573373, 0.1415156744836954, 0.015591669929148962, 0
0.09436309371790161, -0.6935873293048056, 0.14957100164380868, 0.015591669929165308, 0
0.11570633915055, -0.687045183662281, 0.15645712901854178, 0.015591669929141903, 0
0.1372029467671415, -0.6797285628400912, 0.16210617718717502, 0.015591669929150224, 0
0.15868077053365967, -0.6725049030074995, 0.16790649364007587, 0.015591669929205533, 0
0.18015740986652837, -0.6652441297886866, 0.17363006819558144, 0.015591669929031873, 0
0.20163334905683572, -0.658030079650297, 0.1794407713293149, 0.015591669929135578, 0
0.22306182305918293, -0.651185933395701, 0.18589465701017244, 0.015591669929868804, 1
0.2445430564586754, -0.6436567698428695, 0.19112772512011258, 0.015591669927392589, 1
0.26607085889067256, -0.6350800209026267, 0.19446527570247038, 0.015591669929221617, 1
0.2875230295282451, -0.626088225045666, 0.1969703522204455, 0.015591669938921393, 1
0.308916825326116, -0.6169344228949221, 0.1991158832328979, 0.01559166990329451, 1
0.33039563907003316, -0.6080477310771181, 0.2018373425127262, 0.015591669934368002, 1
0.3519804638772633, -0.5995535651149837, 0.2053980636379584, 0.015591670062850874, 1
0.3729847757397723, -0.5896459793205485, 0.20576497879650807, 0.015591669554994213, 1
0.393309963211989, -0.5782550559605424, 0.20271266779698624, 0.015591670067267523, 1
0.4135534831702132, -0.5669335599852657, 0.19971498628320355, 0.015591671725642575, 1
0.4343143475901832, -0.5561367351329385, 0.19819031133719803, 0.015591664342772605, 1
0.45454791210955287, -0.5448952775922128, 0.19533685056538114, 0.015591672683327553, 1
0.47246945777957494, -0.5321044458496205, 0.18741120510808787, 0.015591650403175082, 1
0.48880835725202304, -0.518866925849911, 0.17718325607063395, 0.015591581089665464, 1
0.5058999665772792, -0.5057943330169096, 0.16796331798467043, 0.015592025336657234, 1
0.5222503572666234, -0.4925900818526101, 0.15780856575218402, 0.015591361126896384, 1
0.5349706899657516, -0.4790314534220371, 0.14362570673877328, 0.015593290910020272, 1
0.545195282722757, -0.4656184808923754, 0.12742041035366292, 0.015595117096427519, 1
0.5563323316758213, -0.45208570590675334, 0.11187149635866983, 0.015572440666024891, 1
0.5664842382463279, -0.43875704799219845, 0.0956711464728795, 0.015627991930765233, 1
0.5736964887886583, -0.42580540030955166, 0.07753718301717002, 0.015646167867168437, 1
0.5802028554119516, -0.4127567892544295, 0.05920769519459258, 0.015264733444754179, 1
0.5868581725318675, -0.4003241694173309, 0.04057347339183785, 0.015740856971426277, 1
0.5933737013703299, -0.3876938778093026, 0.022090597707754806, 0.017744876144442707, 1
0.5989283336370543, -0.3713653550359052, 0.006405702462473659, 0.019921530874561933, 1
0.6029368341418089, -0.3513502115977294, -0.004914683846212269, 0.02102986752460392, 1
0.6055384995632626, -0.3292050037636465, -0.012346806240743583, 0.020950387840076017, 1
0.6073269481224083, -0.3064016989380683, -0.017504846955872188, 0.02030636850841756, 1
0.6087429359751895, -0.28346582162168754, -0.02161367789635439, 0.019439263946502694, 1
0.6101370979823776, -0.26048894098091574, -0.025663728910371882, 0.01854803631565586, 1
0.6118191848627398, -0.23768358455885366, -0.030519687225289284, 0.017850696332643422, 1
0.6139695410922695, -0.21522430906369072, -0.036682900681483326, 0.017484135209122918, 1
0.616503665965779, -0.19312435449599205, -0.043917507081972416, 0.01739275929127685, 1
0.6193146300860882, -0.1713301756860924, -0.05192490534706378, 0.017502758999247883, 1
0.6222981333883048, -0.14974507797678568, -0.06041368329213557, 0.017740183309210185, 1
0.6253273018998372, -0.12821602174558105, -0.06902984971351245, 0.018011427072763004, 1
0.6282958260047296, -0.10661178377314218, -0.07747683158482342, 0.018237749116156988, 1
0.6311414374952307, -0.08486014637320037, -0.08558085328568381, 0.018373510029285868, 1
0.6338672306693941, -0.06296972854718276, -0.09335051346969146, 0.0184213833960687, 1
0.6365081415119763, -0.04098701121150331, -0.10088326720254293, 0.018407453839020132, 1
0.6390862195334202, -0.018937961756141434, -0.10824064145251515, 0.01834793148583671, 1
0.6416223959078834, 0.003154647442619769, -0.11548105454817091, 0.01825805888292016, 1
0.6441399853394892, 0.02526628099396012, -0.12266958359942663, 0.018154746204788623, 1
0.6466616128291616, 0.047373695133686756, -0.1298693840794712, 0.01805435994533346, 1
0.6492094844937848, 0.06945421937878657, -0.1371424429785784, 0.017972952925865426, 1
0.6518062232254428, 0.09148402595406964, -0.1445519060013878, 0.017926936003047334, 1
0.6544749036719502, 0.11343674331905346, -0.1521621663406292, 0.01793320885048156, 1
0.6572391488236808, 0.13528244529480205, -0.16003912832286163, 0.018009300955359936, 1
0.6601226295574083, 0.15699089527811025, -0.16824882824098109, 0.018172796806086487, 1

Vessel: 6, Number of Points: 100

-0.5382512494183276, -0.563530519922899, 0.08481889215552461, 0.013160502884316989, 0
-0.5307752414655318, -0.5762767298017963, 0.07443727009537905, 0.013160502884317133, 0
-0.5230692118614183, -0.588939411015241, 0.06412135644146583, 0.013160502884317278, 0
-0.5151239870217253, -0.6015116132906634, 0.053876701706861645, 0.013160502884317412, 0
-0.5069303790360979, -0.6139863557441587, 0.04370888106823263, 0.013160502884317542, 0
-0.49847889021782393, -0.6263559955760152, 0.03362400300858899, 0.013160502884317672, 0
-0.4897596938023289, -0.638612131835468, 0.023628787068560936, 0.013160502884317797, 0
-0.4807627642925264, -0.6507455956780688, 0.013730572820008655, 0.01316050288431792, 0
-0.4714779088718962, -0.6627465591782917, 0.003937232033020608, 0.01316050288431803, 0
-0.4618947710725697, -0.6746043641530575, -0.005742692708995408, 0.013160502884318137, 0
-0.45200321564924206, -0.6863072263836465, -0.015299745340698364, 0.013160502884318229, 0
-0.44179291060828846, -0.6978428210750545, -0.024724033785223563, 0.013160502884318323, 0
-0.43125291102891766, -0.70919875456944, -0.034005615320941325, 0.01316050288431843, 0
-0.42037377699647954, -0.7203603281434409, -0.043132668505460034, 0.01316050288431852, 0
-0.40914694941239765, -0.7313115717147236, -0.05209233526522737, 0.013160502884318574, 0
-0.39756417155377805, -0.742036266944561, -0.06087155401898854, 0.013160502884318566, 0
-0.3856186096131219, -0.7525170540450281, -0.06945632721281268, 0.013160502884318605, 0
-0.3733038801962989, -0.7627362215659346, -0.07783236883426242, 0.013160502884318824, 0
-0.36061519356251065, -0.772675556898726, -0.08598497385538817, 0.013160502884319114, 0
-0.34755049685142647, -0.7823159868426621, -0.09389871771018247, 0.013160502884318963, 0
-0.33410847532340066, -0.7916383916388408, -0.10155813198947247, 0.013160502884318031, 0
-0.32029144404376425, -0.8006239477316508, -0.10894795784858026, 0.01316050288431775, 0
-0.30610347540916766, -0.8092539942048241, -0.11605305347445784, 0.013160502884320253, 0
-0.291551296137842, -0.8175109004445638, -0.12285908907280853, 0.013160502884323163, 0
-0.27664519839098906, -0.8253784239269104, -0.1293528289418529, 0.013160502884317974, 0
-0.2613969854951996, -0.8328413897763806, -0.13552188915796834, 0.013160502884304892, 0
-0.24582246731470694, -0.8398877078043797, -0.14135634978017853, 0.013160502884313134, 0
-0.22993869365826644, -0.846506510343979, -0.1468472702909542, 0.013160502884360905, 0
-0.2137656238816628, -0.8526909211672274, -0.15198891740337536, 0.013160502884356863, 0
-0.19732449253272066, -0.8584359853644197, -0.15677710270626766, 0.01316050288419615, 0
-0.1806378298641639, -0.8637406205354687, -0.16121076217404226, 0.013160502884145546, 0
-0.16372902724809899, -0.8686064654553167, -0.16529102766863113, 0.013160502884666038, 0
-0.14662145178268726, -0.8730383021735714, -0.16902157606415474, 0.01316050288501872, 0
-0.12933841231452142, -0.8770440060134901, -0.1724085890479784, 0.013160502883368373, 0
-0.11190240048896415, -0.8806336924108855, -0.17546006866887168, 0.013160502881623246, 0
-0.09433478853169006, -0.8838203596571393, -0.17818636020502518, 0.013160502886730822, 0
-0.07665579853748107, -0.8866184280960356, -0.18059896993996716, 0.013160502894404484, 0
-0.05888368774697509, -0.8890445492324329, -0.1827112271190489, 0.013160502879192858, 0
-0.04103552758866456, -0.8911161796688848, -0.18453712230980285, 0.013160502847429738, 0
-0.02312597074028824, -0.8928521803233328, -0.18609180219725674, 0.013160502889843488, 0
-0.005168586601131996, -0.894271795624782, -0.18739073391651542, 0.013160503015773628, 0
0.012825514476315922, -0.8953948536523441, -0.18844988133290896, 0.013160502910474083, 0
0.030846196614062172, -0.8962413266015561, -0.18928533112991205, 0.013160502431500763, 0
0.048885530750906805, -0.8968312793791415, -0.1899132497072087, 0.013160502632684395, 0
0.0669364919632216, -0.8971847195807732, -0.19034976683448412, 0.013160504373002365, 0
0.08499372180498643, -0.8973210134547234, -0.19061055524389092, 0.013160504301637364, 0
0.10305273137535084, -0.8972592822475434, -0.19071110532897761, 0.01316049830357346, 0
0.12111046394085359, -0.8970191986685305, -0.19066720524630443, 0.013160496260662038, 0
0.13916482765037066, -0.8966206591442577, -0.19049474527378343, 0.013160515638946525, 0
0.15721386565829418, -0.8960800526406065, -0.19020727394661643, 0.01316053061788463, 0
0.17525577509693746, -0.8954103215697153, -0.18981603684225448, 0.01316047302125022, 0
0.1932909993741527, -0.894632821088618, -0.18933771688021797, 0.013160395994384688, 1
0.2113235436620761, -0.8937825224722119, -0.18879780251530007, 0.013160548541498597, 1
0.22935328481656414, -0.8928731609796969, -0.18820792691991875, 0.013160885863828353, 1
0.247368450890814, -0.8918596512389625, -0.1875413644699803, 0.013160547622476279, 1
0.2653656059678761, -0.8907364369149521, -0.18679711836272536, 0.013159226209048192, 1
0.28338781543606606, -0.8897211049232587, -0.1861194861890949, 0.013159729095423373, 1
0.301471774876448, -0.888999617856736, -0.18563202577408588, 0.013164435363934503, 1
0.3194930617633724, -0.8879760884527653, -0.18494799193769468, 0.013164917106786116, 1
0.33725794254284314, -0.8857183386110838, -0.1834613371651013, 0.01314824064692688, 1
0.3547340261675726, -0.8820779738866789, -0.1810807099207569, 0.013114652329030177, 1
0.37202152761771956, -0.8775507825698958, -0.1781377726422698, 0.013075224478970035, 1
0.3892245677703039, -0.8726515272871119, -0.17497664760019932, 0.013041348300780197, 1
0.40644540345642843, -0.867886507680017, -0.17193614169793614, 0.013024189679337148, 1
0.4237006149439868, -0.8633730418552406, -0.16911075326957728, 0.01302455822511575, 1
0.4408875539501894, -0.8586874666632169, -0.16625522936456044, 0.013028885422322752, 1
0.45792545036677995, -0.8535322708882436, -0.1632055085411762, 0.013028992282662459, 1
0.47478637677641533, -0.8478963584234481, -0.159980804295843, 0.013027820185201091, 1
0.49142958881181487, -0.8417503706139652, -0.1565905023047964, 0.013027769235568488, 1
0.5077794371013511, -0.8349751739620149, -0.1529901344384632, 0.013028077601040423, 1
0.5237459074468771, -0.8274534749006972, -0.1491376225181567, 0.013028085536352246, 1
0.5392190647576176, -0.8190909286679418, -0.14500706973606425, 0.013028006679920281, 1
0.5540707608616761, -0.8098023899472363, -0.1405768687896083, 0.013028008841974522, 1
0.5681467020240898, -0.799514417791091, -0.1358298078991677, 0.013028028336935615, 1
0.5812857919888591, -0.7881872174736337, -0.13076174236782329, 0.013028026320115665, 1
0.5933227125068464, -0.7758243602513615, -0.12538525042610435, 0.013028021602350087, 1
0.6041209721167352, -0.7624773002205366, -0.11972858130701357, 0.013028022446485099, 1
0.6135757744277796, -0.748242884607649, -0.11383452120122459, 0.013028023628493646, 1
0.6216421996688897, -0.7332503496034719, -0.10775381717582418, 0.013028023374309725, 1
0.62832515193176, -0.7176529346049813, -0.10154275398005655, 0.013028023095065875, 1
0.6336741895138022, -0.701589351861481, -0.09524923864035015, 0.013028023180886241, 1
0.6377808433835139, -0.6851802349317926, -0.08891167034747137, 0.013028023189123994, 1
0.6407476856692591, -0.6685311570024978, -0.08256214597548328, 0.013028023167397628, 1
0.6426811942376572, -0.6517267389524706, -0.07622476022812961, 0.013028023172865166, 1
0.6436884363174202, -0.6348315821744751, -0.06991617262491909, 0.01302802317645141, 1
0.6438669820375219, -0.617892267913611, -0.06364702541939221, 0.013028023174377646, 1
0.6433074412718491, -0.6009451619519846, -0.05742465576061185, 0.013028023173656278, 1
0.6420875477419647, -0.5840139695617129, -0.05125259039785676, 0.013028023174260507, 1
0.6402789470244332, -0.5671173709214595, -0.045132909459657394, 0.013028023174507724, 1
0.6379409261920495, -0.5502666582860718, -0.039065795528898425, 0.013028023174356243, 1
0.6351280950647943, -0.5334704852495037, -0.03305077117708796, 0.013028023174241782, 1
0.6318861311180446, -0.5167338359044037, -0.027086604447559958, 0.013028023174261771, 1
0.6282553045996615, -0.5000594782364096, -0.02117160856248934, 0.013028023174309976, 1
0.6242722247600432, -0.48344939435466155, -0.015304052751147523, 0.013028023174319196, 1
0.6199662471864428, -0.46690403865607305, -0.009482129927958443, 0.013028023174306895, 1
0.6153656640056099, -0.45042361945656756, -0.003704013654303612, 0.0130280231742996, 1
0.6104951134614978, -0.4340071473421622, 0.002032319113067267, 0.013028023174301753, 1
0.6053752532255545, -0.41765270829645124, 0.007728965154234064, 0.01302802317430198, 1
0.6000245879100414, -0.4013588366908343, 0.013387710771573675, 0.013028023174300882, 1
0.5944612379598695, -0.38512415902406233, 0.019010282391615743, 0.013028023174301455, 1

Vessel: 7, Number of Points: 100

-0.6350000000000001, -0.6350000000000002, 0.7372371244296676, 0.02083238008495809, 0
-0.6150536569445108, -0.6125123594348646, 0.7311980646644621, 0.020570909501119252, 0
-0.5950764987504292, -0.5901724636164376, 0.724727876662039, 0.020370676858917976, 0
-0.5750750416985592, -0.5679690689449068, 0.7178715025283277, 0.020225488032822744, 0
-0.5550552995351643, -0.5458908875979231, 0.7106725248852109, 0.020129318750263313, 0
-0.5350217154514271, -0.5239264959018002, 0.7031702721571607, 0.020076676370493318, 0
-0.5149778016906713, -0.5020644232963521, 0.6954014733350997, 0.020062394741059992, 0
-0.49492630243640123, -0.48029324658303707, 0.6874005139162743, 0.020081606137038074, 0
-0.47486935231405675, -0.45860167086070963, 0.6791997098562359, 0.02012971031638793, 0
-0.45480855957989524, -0.43697850382056974, 0.6708296089514045, 0.020202335247021468, 0
-0.4347451284916362, -0.4154126643607536, 0.6623193268613999, 0.020295295018861837, 0
-0.4146799451072675, -0.39389317805756524, 0.6536968071360677, 0.020404556764325437, 0
-0.39461364451182657, -0.37240916488325976, 0.644989045144209, 0.020526211789032394, 0
-0.37454667678867365, -0.35094982346733467, 0.6362223163398177, 0.020656445996621437, 0
-0.35447937317918893, -0.3295044065905735, 0.6274224253410199, 0.020791507282791236, 0
-0.33441199730354143, -0.3080621986610268, 0.6186149069757445, 0.020927679092130006, 0
-0.3143447925026821, -0.2866124931809335, 0.60982521606632, 0.021061255398178765, 0
-0.2942780455933813, -0.2651445624543927, 0.6010789828887166, 0.02118850702713175, 0
-0.2742121244935632, -0.2436476409508449, 0.5924021610653981, 0.02130566220268577, 0
-0.25414754584735355, -0.22211089612573348, 0.5838212917085229, 0.021408871822625807, 0
-0.23408504247537398, -0.20052341012065775, 0.5753637419079695, 0.021494178474650915, 0
-0.21402560303183948, -0.17887417074058395, 0.5670578409354895, 0.021557498805948965, 0
-0.1939705908434428, -0.15715204054047388, 0.558933297359399, 0.02159456938180494, 0
-0.1739218196406681, -0.13534579703817018, 0.5510213263727505, 0.02160093242135332, 0
-0.15388162950397122, -0.11344410263178271, 0.5433549402276846, 0.02157189770921754, 0
-0.13385309997712935, -0.09143542861300498, 0.5359697437446858, 0.02150243856241742, 0
-0.1138401098600001, -0.06930856758678211, 0.528902923820981, 0.02138734293364294, 0
-0.09384756215156957, -0.04705207178564141, 0.5221952019942371, 0.021220940964010285, 0
-0.0738818731012974, -0.02465326319855316, 0.5158945449154829, 0.020996590781821343, 0
-0.05395018344981261, -0.0021054155960422856, 0.5100372695677742, 0.020709394558164305, 0
-0.034053957536522544, 0.020575595055428768, 0.5045909394599928, 0.020364176568838963, 0
-0.014180355614457811, 0.04333212609081076, 0.49938497277612826, 0.01998512932092199, 0
0.005687992343124699, 0.06610516495790587, 0.49423244431369795, 0.01959857391986793, 0
0.02556906717949433, 0.08883714861310715, 0.48894800261300264, 0.019230566449848864, 0
0.04547893978155717, 0.11146922334197645, 0.4833488683605215, 0.018906896645576945, 0
0.0654284817368524, 0.13394225052558717, 0.47726672668742287, 0.018651538605877514, 0
0.08542148273420215, 0.15619704861791406, 0.4705537623103386, 0.018485876785363408, 0
0.1054538874384818, 0.1781755420716432, 0.46308753483146237, 0.018428037299783814, 0
0.12551408658234195, 0.19982267819918226, 0.45477456268891536, 0.018492347448437238, 0
0.14558408751595617, 0.22108881309905012, 0.44555243326423866, 0.01868896017083825, 0
0.16564143007833207, 0.24193094955377387, 0.43538709157268657, 0.01902414067948509, 0
0.18566234212624153, 0.2623167169356011, 0.42427286102624023, 0.01950008170069664, 0
0.20562310385305899, 0.28222343797162586, 0.4122263180485608, 0.020115720818978073, 0
0.22549875550371123, 0.3016274587398733, 0.3992653884490932, 0.02086987275198428, 0
0.24528119580258834, 0.32056987999151154, 0.38550863615020764, 0.021745671159573845, 0
0.26498499937028264, 0.3391722993691683, 0.3711947291483329, 0.022707393283306718, 0
0.28463699409098886, 0.35756501648540695, 0.3565468115288403, 0.02372092201912668, 0
0.30426766933620847, 0.37587425373847544, 0.3417679504380385, 0.02475482474479846, 0
0.3239049154207043, 0.3942115047085219, 0.3270347186552685, 0.02578155225501762, 0
0.34357911549814435, 0.4126948530065181, 0.31253169279904963, 0.02677255440923242, 0
0.36332330557622855, 0.43145335758692743, 0.29846112468353503, 0.02769686538663125, 0
0.383157103435984, 0.4506292176699057, 0.2850945788120197, 0.028512926277767713, 1
0.40308795597022906, 0.47037972446857196, 0.2727738359223825, 0.029168664894797015, 1
0.4231261844971125, 0.4909487185037603, 0.2620326737306251, 0.029588056684865322, 1
0.4432722466120708, 0.5126607154467029, 0.2536203041417108, 0.029667928084792707, 1
0.4631476342759662, 0.5356736508057875, 0.24900202849042805, 0.029206109583215057, 1
0.4819000032169383, 0.5598966922180718, 0.2504455461882297, 0.02789887110754706, 1
0.49776787355450147, 0.5841372204488554, 0.2603246297648192, 0.0255956067000461, 1
0.5084861938757436, 0.6056900468694772, 0.27895740829605664, 0.0221390411420576, 1
0.514274196976246, 0.6234111154361283, 0.30309193775137366, 0.01845247533266254, 1
0.5190900059765541, 0.6403182387744142, 0.3283091995385734, 0.017354223431211076, 1
0.5235362186236121, 0.6568702858656917, 0.35348860914178526, 0.017380299915382837, 1
0.5293616735398912, 0.6745948748636411, 0.37822281425887727, 0.017663727926554327, 1
0.5309397562637714, 0.6887503302385568, 0.4043371728678112, 0.016709480711939305, 1
0.5211751835845424, 0.6929869250156675, 0.4333662166627766, 0.014626040738217046, 1
0.511759105034468, 0.6975153022281513, 0.4620439660954002, 0.01468730298169836, 1
0.5025974221707902, 0.7021787176956235, 0.4909750057809875, 0.014655395740197497, 1
0.493712014061383, 0.7061271841163455, 0.5200399539399784, 0.014683168308191906, 1
0.48498761695878695, 0.709722916445559, 0.5492152410345551, 0.0146750239846154, 1
0.4761994307935629, 0.7134580915467809, 0.5783498645512769, 0.014675869034514831, 1
0.4681835087051409, 0.7156135225149441, 0.6078678031223718, 0.014676022599932628, 1
0.4607115138408279, 0.7166941102070964, 0.6375729838850263, 0.014675898754710922, 1
0.4529004324635596, 0.7184022005522996, 0.6672397733375343, 0.014675962938688938, 1
0.44690679477967166, 0.7167315521206377, 0.697133010513702, 0.014675936379575854, 1
0.4413801473964612, 0.7140775596401371, 0.7273032339664945, 0.014675945756509408, 1
0.4369842018745482, 0.7095979499518275, 0.7570773801694601, 0.014675941499424958, 1
0.4349526874288019, 0.7009898257927076, 0.7866212953307201, 0.014675946290546435, 1
0.4334325496895198, 0.691713274173134, 0.8156518083415913, 0.014675938988230386, 1
0.43617605309033786, 0.6761536047943122, 0.8419918212205743, 0.014675939926850347, 1
0.43907065826757113, 0.6603555043829166, 0.8682395270353797, 0.01467600581927251, 1
0.44621899691155265, 0.6396049425250575, 0.889339631109101, 0.014675604253043118, 1
0.45430723571363246, 0.6176669517677924, 0.9094899994853234, 0.014677335760594122, 1
0.4643106299257879, 0.5942887231868085, 0.9261845472922875, 0.01467095507456164, 1
0.4758662980026978, 0.5695166511521014, 0.9403904062963633, 0.014691561769855694, 1
0.487983893713895, 0.5446887096806278, 0.9534270596135795, 0.014633216259173359, 1
0.5015714357283529, 0.5191019590811139, 0.9636367728869784, 0.014766677699392838, 1
0.5151358037974162, 0.4936709730212876, 0.9739165865067047, 0.014197579922539604, 1
0.530141296025954, 0.46819875465979444, 0.98160951331716, 0.011257900717094331, 1
0.5454130390590175, 0.442817800050798, 0.9895012787257202, 0.010488258156164706, 1
0.5619157621398589, 0.4189310317174758, 0.9993782112969124, 0.010541589814133496, 1
0.582207417953541, 0.4029539568336175, 1.0151288234582487, 0.010547906349139666, 1
0.6005083369159687, 0.4132656120554922, 1.0360382861949538, 0.010548049136693513, 1
0.6106076173179996, 0.43710723762023423, 1.0525013016639082, 0.010548035510421886, 1
0.6171450061100298, 0.46372392505797955, 1.0661920678252874, 0.010548039885490844, 1
0.6219337564194107, 0.49141992860291495, 1.0784450603245406, 0.0105480391547818, 1
0.6256638549832064, 0.5196556158238427, 1.0897967455831354, 0.0105480392716811, 1
0.6286750821821419, 0.5482194809688468, 1.1005260149411982, 0.010548039234013692, 1
0.6311604985249666, 0.5770024543444334, 1.110794345621835, 0.010548039254961672, 1
0.6332412307154042, 0.6059424288566182, 1.1207047643063432, 0.010548039246780667, 1
0.6350000000000001, 0.635, 1.1303284479040905, 0.010548039247767718, 1

Vessel: 8, Number of Points: 100

0.5323010154252054, 0.6871227758583953, 0.39814529026489665, 0.012876865764886277, 0
0.5365701565021732, 0.6949735737576471, 0.40538956566292184, 0.012876865763346228, 0
0.5409068590641278, 0.7028599922337626, 0.41255705863183395, 0.01287686576339969, 0
0.5453168212403339, 0.7107839141036777, 0.41963887105796227, 0.012876865764362267, 0
0.5498057411600555, 0.7187472221843272, 0.42662610482763547, 0.012876865765549542, 0
0.5543793169525573, 0.7267517992926469, 0.4335098618271829, 0.012876865766277109, 0
0.5590432467471036, 0.7347995282455722, 0.4402812439429334, 0.01287686576586056, 0
0.5638032684061486, 0.7428922953080055, 0.4469312701030577, 0.01287686576368549, 0
0.5686663199785138, 0.7510320908946345, 0.45344845338981404, 0.012876865761251896, 0
0.5736407242896625, 0.7592210255883076, 0.4598184156370849, 0.01287686576249938, 0
0.5787349739525706, 0.7674611873367961, 0.4660263434686451, 0.012876865770678314, 0
0.5839589118015673, 0.7757542381282551, 0.47205343128870203, 0.012876865777052646, 0
0.5893234001036254, 0.7841015183531014, 0.4778778593441987, 0.01287686576383752, 0
0.5948399780192375, 0.7925043020865709, 0.48347612442562077, 0.012876865730938726, 0
0.6005225186546025, 0.8009636542906823, 0.48881896092556193, 0.01287686574240583, 0
0.6063855866641091, 0.8094801873560914, 0.49387455219025084, 0.012876865859517422, 0
0.612445415116519, 0.8180505159286068, 0.4985986508013332, 0.012876865974862688, 0
0.6187191861679533, 0.8266689805132933, 0.5029399380266844, 0.01287686588507084, 0
0.6252239407685132, 0.8353290917907111, 0.506845623797558, 0.012876865435203236, 0
0.6319747978601823, 0.8440142116177065, 0.5102453671408514, 0.012876865096035903, 0
0.6389855596579928, 0.8527007491075238, 0.5130568033316159, 0.012876865767008673, 0
0.6462675783345359, 0.8613602193105202, 0.5151925741419298, 0.012876867507109148, 0
0.6538225503266546, 0.8699451850956386, 0.5165463667772378, 0.012876866994720735, 0
0.6616462937667921, 0.8784007672417404, 0.5170091679174329, 0.012876861020907963, 0
0.6696983990431198, 0.886643681514361, 0.5164930007000489, 0.012876856325081353, 0
0.6779169212193522, 0.8945737585212505, 0.5149223932349757, 0.012876865560374784, 0
0.6862347925142774, 0.902095757756759, 0.5122442155832923, 0.01287689096739658, 0
0.6945650069189147, 0.9091356709649601, 0.5084967291122234, 0.012876891553849025, 0
0.7028164436993111, 0.9156267449277075, 0.5037432515739843, 0.012876820234903243, 0
0.7109221901437014, 0.9215445947001037, 0.498083084522683, 0.012876749528950014, 0
0.7188399558938419, 0.9269079285748028, 0.4916521288029472, 0.012876873600547593, 0
0.7265372133749357, 0.9317436962152608, 0.4845824789776591, 0.012877226314290497, 0
0.7340133083878373, 0.9361020735083041, 0.4769861816418143, 0.012877231428803412, 0
0.7412753715216623, 0.9400388288737894, 0.46896994639272715, 0.012876234389405786, 0
0.7483416408158532, 0.9436158569167349, 0.46062269770956193, 0.012875101356097993, 0
0.755241857501601, 0.946901396693903, 0.4520149412968485, 0.012876273384293252, 0
0.7620039170569219, 0.9499574983295994, 0.4432119043462293, 0.012881161796160806, 0
0.7686399505302289, 0.9528032375295995, 0.4342494706535976, 0.012883868421122718, 0
0.7751556834141526, 0.9554402228088346, 0.42515158982639234, 0.012875524869197534, 0
0.7815762633858642, 0.9579114125793444, 0.4159545755956255, 0.01285593488635379, 0
0.7879873790501866, 0.9603886917856864, 0.4067333530911868, 0.012851935146988513, 0
0.7944835258283803, 0.9630626188218635, 0.397568114705741, 0.012894340778693576, 0
0.8008836390847691, 0.965529313285062, 0.38833059880992127, 0.01289522862629935, 0
0.8066159687817994, 0.9665421380831083, 0.37859617317224975, 0.012605037902519494, 0
0.8116861310694286, 0.9661001348503843, 0.3683720469826924, 0.012062897597499518, 0
0.8163315299111864, 0.964702425845923, 0.3578389584779876, 0.011422509959227646, 0
0.8207899317009772, 0.9628489152698151, 0.34717791723009367, 0.010837756385873231, 0
0.825299098049139, 0.9610394966845761, 0.3365699294634622, 0.01046251436192531, 0
0.8300155629129112, 0.9595934316343567, 0.32613915884852, 0.010384204878806381, 0
0.8348080402310888, 0.9581899347227134, 0.315808354582621, 0.010454768665607714, 0
0.8394961295791485, 0.9563991419118274, 0.30547028416558974, 0.010493005396196187, 0
0.844022886487257, 0.9540669162965772, 0.29514120139291733, 0.010478244452505843, 1
0.8483881465245662, 0.9511638825578353, 0.2848982812212107, 0.010466801435155227, 1
0.8525279990177166, 0.9474932819715297, 0.2748052624326857, 0.010470576112460708, 1
0.8563148127118241, 0.9427351870777212, 0.2649574853134244, 0.010473185368918461, 1
0.8594530008817485, 0.9364820921663661, 0.2557783957118983, 0.010472110217833015, 1
0.861564535084338, 0.9283280113174266, 0.24787173024148082, 0.010471462341135522, 1
0.8622485166826929, 0.9183795723673261, 0.24210713102681228, 0.010471728228831271, 1
0.8613380767849266, 0.9072682526590043, 0.23910177795144963, 0.010471704814413146, 1
0.8591908197123994, 0.8959528162216116, 0.23854318642441197, 0.010471658566441803, 1
0.8561863934692503, 0.8848684009626064, 0.2398437766612815, 0.010471680078748439, 1
0.8526643262644422, 0.8741714341544592, 0.24237576523605645, 0.01047169603440303, 1
0.8488020114417762, 0.8638723482699727, 0.24577992934929738, 0.010471692425116863, 1
0.8446955424961063, 0.8539091381537018, 0.24983204930892355, 0.010471685351609741, 1
0.8404217279786784, 0.8442271076398647, 0.25435064748559305, 0.010471684646902017, 1
0.836018332865842, 0.8347879720243124, 0.2592414865471777, 0.010471686573337666, 1
0.8315146940116828, 0.8255580912015018, 0.26442964870856706, 0.010471687136492578, 1
0.8269296016014404, 0.8165115499890835, 0.26986523818513575, 0.010471686660003567, 1
0.8222795832043596, 0.8076241939334009, 0.2755037723608092, 0.010471686226437783, 1
0.817576213955284, 0.7988771926407346, 0.28131325788917516, 0.010471686200494771, 1
0.8128270221604055, 0.7902560662158324, 0.2872719068965635, 0.010471686360276223, 1
0.8080392712742311, 0.7817467013228702, 0.29335863536096174, 0.010471686478617848, 1
0.8032182278519908, 0.7733382486516892, 0.2995578857795476, 0.010471686491157225, 1
0.7983677136777942, 0.765022220438388, 0.30585809912624073, 0.010471686451320305, 1
0.7934915158668367, 0.756790185323499, 0.3122478122068488, 0.010471686415035346, 1
0.7885929151665855, 0.7486344856761068, 0.3187169394610308, 0.010471686413151323, 1
0.7836740701283119, 0.7405491818645139, 0.32525844983864105, 0.010471686421185943, 1
0.7787369061838408, 0.7325289308285615, 0.3318660519484131, 0.010471686421295675, 1
0.7737832090709, 0.7245690035900488, 0.33853401017846285, 0.01047168641902703, 1
0.7688145702002701, 0.7166650820734515, 0.34525716759691477, 0.010471686418876717, 1
0.7638322587067747, 0.7088134761225953, 0.352031303487556, 0.010471686419543217, 1
0.7588374410544177, 0.701010736428912, 0.3588525132900075, 0.010471686419686738, 1
0.7538310919361084, 0.6932538999051047, 0.36571749891411304, 0.01047168641950794, 1
0.7488141306312237, 0.6855401434697733, 0.3726231372976467, 0.010471686419415354, 1
0.7437873254069104, 0.6778670236451402, 0.3795667815106299, 0.010471686419447283, 1
0.7387513809538132, 0.6702322571554331, 0.3865459852460175, 0.010471686419491954, 1
0.7337069328947752, 0.6626337495557202, 0.39355852663464924, 0.01047168641949575, 1
0.7286545270307277, 0.6550696520268764, 0.40060247570976304, 0.010471686419481483, 1
0.723594691487849, 0.6475381656830044, 0.40767596064546036, 0.010471686419473884, 1
0.718527873996793, 0.6400377225408103, 0.4147773757315355, 0.010471686419475486, 1
0.7134544883258582, 0.6325668521615373, 0.42190522767673294, 0.010471686419479445, 1
0.7083749287641017, 0.6251241427683124, 0.4290580888585981, 0.010471686419480753, 1
0.7032895314422007, 0.617708357779008, 0.43623472774141114, 0.010471686419480031, 1
0.698198621462356, 0.6103182938616115, 0.44343394998543384, 0.010471686419478937, 1
0.6931024986420126, 0.6029528285425568, 0.45065464855813236, 0.01047168641947856, 1
0.6880014094728949, 0.5956110098792889, 0.45789590055845864, 0.01047168641947875, 1
0.6828955936869308, 0.5882919075464935, 0.46515680642666074, 0.010471686419479202, 1
0.6777852910160478, 0.5809945912188568, 0.4724364666029869, 0.010471686419479612, 1
0.6726707411921742, 0.5737181305710649, 0.47973398152768476, 0.010471686419479674, 1
0.6675521839472375, 0.5664615952778039, 0.48704845164100263, 0.010471686419479088, 1

Vessel: 9, Number of Points: 100

0.5111453222984688, 0.6126931373885673, 0.28741580265201155, 0.015529103239036352, 0
0.5260695274379362, 0.6282894894102902, 0.27883449540216615, 0.015529103239036376, 0
0.5409478897017291, 0.6437963991853176, 0.2700138650075206, 0.01552910323903639, 0
0.5557750787885041, 0.6592056241835419, 0.26093988348365543, 0.015529103239036408, 0
0.5705457490107678, 0.6745089007268745, 0.2515984992693087, 0.015529103239036423, 0
0.5852538766287853, 0.6896970331668599, 0.24197462179531565, 0.015529103239036444, 0
0.5998924233417355, 0.7047594340413056, 0.23205162299288737, 0.01552910323903647, 0
0.6144533553457492, 0.719684177044385, 0.22181153776805282, 0.015529103239036486, 0
0.6289276379724147, 0.7344580049511975, 0.21123515361509954, 0.015529103239036498, 0
0.6433047416144825, 0.7490656984918806, 0.2003015603733906, 0.015529103239036507, 0
0.6575727076347124, 0.7634901644043995, 0.18898823498944772, 0.015529103239036522, 0
0.6717177801092833, 0.7777120127679061, 0.1772710113107194, 0.01552910323903656, 0
0.6857235399954296, 0.7917085727108566, 0.16512406962608833, 0.015529103239036456, 0
0.6995726632229385, 0.8054557564345779, 0.15251909690072193, 0.015529103239036696, 0
0.7132446555332941, 0.8189255657375291, 0.13942578134464673, 0.015529103239037468, 0
0.7267128802334598, 0.832082924930114, 0.1258131313858137, 0.0155291032390372, 0
0.7399493990348301, 0.8448912499127527, 0.11164995591731935, 0.015529103239034548, 0
0.7529201196651317, 0.8573067568005952, 0.0969036856031404, 0.015529103239033238, 0
0.7655869583894964, 0.8692809995772072, 0.08154090603520293, 0.015529103239040021, 0
0.7779068461889238, 0.8807601837170553, 0.06553018208798644, 0.01552910323904839, 0
0.7898289205539001, 0.891682164107636, 0.04884324150070968, 0.015529103239030874, 0
0.8012984837272122, 0.9019810821860045, 0.03145590123094957, 0.015529103238997624, 0
0.8122530213592412, 0.9115836894560467, 0.013353453764318844, 0.01552910323905635, 0
0.822627215877097, 0.9204148077406649, -0.005470801276200267, 0.015529103239169392, 0
0.8323516776041252, 0.9283972595015495, -0.02500679113818041, 0.015529103238901254, 0
0.8413580539592107, 0.9354571652206775, -0.045230875861755344, 0.01552910323860605, 0
0.8495814189208843, 0.9415277407181438, -0.06609890505644053, 0.015529103239973882, 0
0.8569662270315327, 0.9465554964445217, -0.08754978763332405, 0.015529103239945339, 0
0.863468532819669, 0.9505026892345043, -0.10950592122217156, 0.015529103233869081, 0
0.8690634554162436, 0.9533551462902053, -0.13187733613464395, 0.01552910324219293, 0
0.8737425303483375, 0.9551181931556763, -0.15456851712911696, 0.01552910325890143, 0
0.8775188791466648, 0.9558216884035323, -0.17748372791417014, 0.01552910319037564, 0
0.8804220257323392, 0.9555130141114901, -0.2005342188387816, 0.015529103213748646, 0
0.8824960146150042, 0.9542545414935315, -0.2236407756175006, 0.01552910351804984, 0
0.883796290769054, 0.9521192199008348, -0.2467392762208487, 0.015529102887457126, 0
0.8843842034972907, 0.9491847152592152, -0.26977830387220764, 0.015529102334703145, 0
0.8843250748557414, 0.9455309025965998, -0.29272117062504277, 0.01552910640890873, 0
0.8836843314315388, 0.9412358317103606, -0.3155435368689814, 0.015529103330089632, 0
0.8825264861559731, 0.9363749893004445, -0.33823085899287264, 0.015529087724123515, 0
0.8809131547710378, 0.9310190947205839, -0.3607784263423536, 0.01552912472660983, 0
0.8789028667001537, 0.9252343674961607, -0.3831872459227267, 0.015529153896844956, 0
0.8765502114524082, 0.9190815396365765, -0.40546390796662174, 0.015528940637013763, 0
0.8739075348931211, 0.9126186657976683, -0.4276199626338312, 0.015529034285185872, 0
0.8710241727643157, 0.9058998979447619, -0.44966971327852123, 0.015529916046971626, 0
0.8679406886899557, 0.8989669714400731, -0.4716247737479903, 0.01552856195196421, 0
0.8647019753259342, 0.8918686938713583, -0.49350378499416636, 0.01552591098740427, 0
0.8613694802427496, 0.8846795225480673, -0.515343810509971, 0.015534752302346804, 0
0.8579572452523194, 0.8774026632303238, -0.5371402574871452, 0.01553872548124074, 0
0.8544363844973877, 0.8699770197718156, -0.5588509751691035, 0.015495371595162549, 0
0.8510142600758569, 0.862700988214028, -0.5806522738204598, 0.015514928253957415, 0
0.8475729480899118, 0.8553955660968017, -0.6024356940913795, 0.015521822558189893, 0
0.8422761519431361, 0.8453304834994233, -0.6225639025784905, 0.014495410818015553, 1
0.8359337620042068, 0.8337095445059982, -0.6417695968308325, 0.013290959409983163, 1
0.8299518972808001, 0.8226157441855202, -0.6613113595466641, 0.013061185549392666, 1
0.8241722090857068, 0.8117621963650751, -0.6810008922588782, 0.013219190052025652, 1
0.8182259250409513, 0.8005313609531782, -0.700451572085441, 0.013182552641592701, 1
0.8122163045076348, 0.7890032150116241, -0.7197041007693781, 0.013176322843685556, 1
0.8061010150349516, 0.7770257330827167, -0.7386439332856418, 0.013184462231044473, 1
0.7998265630290305, 0.7644082994756315, -0.7571141729950754, 0.013181482753757674, 1
0.7933570747267195, 0.7509532364303197, -0.7749118237901355, 0.013182035835495935, 1
0.7866387762145008, 0.7363866318677889, -0.7917142869859701, 0.013182055192292133, 1
0.7796152840540332, 0.7203597920763516, -0.8070243149940928, 0.013181960395230376, 1
0.7722559950295759, 0.7024618824322862, -0.8199463426061423, 0.013182027274122191, 1
0.7646457202449084, 0.6824713468606605, -0.8291223640812135, 0.013182019722358601, 1
0.7571041842924721, 0.6607230735632499, -0.8327408799590013, 0.013182013170926595, 1
0.7501955197094553, 0.6386659441159432, -0.8300285941865113, 0.013182017421962296, 1
0.7443162382460413, 0.6177344305581316, -0.8216171528386909, 0.01318201653924055, 1
0.7394810122590422, 0.5986103417195987, -0.8093057593508295, 0.013182016280961315, 1
0.7354998543521899, 0.5811951404692461, -0.7944547329917548, 0.013182016488399801, 1
0.7321749023698946, 0.5651903126056901, -0.7779274856782638, 0.013182016397367137, 1
0.7293608531823136, 0.550346701487334, -0.7602735215582703, 0.013182016392807331, 1
0.7269504136668831, 0.536448507491592, -0.7418087239585056, 0.013182016418201025, 1
0.7248623999895829, 0.5233245793487431, -0.7227498917217485, 0.013182016416158805, 1
0.7230411704370932, 0.5108529549441511, -0.7032324565209909, 0.013182016409980407, 1
0.7214404388724632, 0.49892942071893576, -0.6833612884427211, 0.013182016411140154, 1
0.7200274753116344, 0.487476642867115, -0.6632002567706393, 0.01318201641099599, 1
0.7187756928583743, 0.4764321497533513, -0.6428022243948104, 0.013182016410890004, 1
0.7176640652882862, 0.465745637370385, -0.6222064604922882, 0.013182016410980296, 1
0.7166755597032575, 0.4553757825299053, -0.601443157836972, 0.013182016410951116, 1
0.715796053385921, 0.44528803930442595, -0.5805365510483385, 0.01318201641094771, 1
0.7150139621087437, 0.43545377257294837, -0.5595056751514833, 0.013182016410955287, 1
0.7143194508571444, 0.4258484933104332, -0.5383661887217559, 0.01318201641095348, 1
0.7137041389966737, 0.4164511897444653, -0.5171310276913231, 0.013182016410952289, 1
0.7131609558272526, 0.4072440163177271, -0.49581077267784385, 0.013182016410952988, 1
0.7126836325695872, 0.3982110757842859, -0.47441459067287506, 0.013182016410953148, 1
0.7122668862597854, 0.38933888911233994, -0.452949976175063, 0.013182016410952933, 1
0.7119059171708979, 0.3806151697474288, -0.43142362387664723, 0.013182016410952888, 1
0.7115966567510318, 0.3720294455581693, -0.4098410468619015, 0.013182016410952941, 1
0.7113353428767655, 0.36357200927982547, -0.3882072756095556, 0.013182016410952952, 1
0.7111187711688751, 0.3552345521195254, -0.3665264799910753, 0.013182016410952927, 1
0.7109439336519863, 0.3470092597621595, -0.34480253253039905, 0.013182016410952914, 1
0.7108082538754729, 0.338889410279823, -0.3230386692610018, 0.013182016410952908, 1
0.7107093139640067, 0.3308686835442302, -0.30123789337376133, 0.013182016410952896, 1
0.710644959798127, 0.322941431982585, -0.2794028327752246, 0.013182016410952884, 1
0.7106132231288189, 0.3151024819987365, -0.25753585097018306, 0.013182016410952875, 1
0.7106122809435694, 0.3073470337771142, -0.2356391145290333, 0.013182016410952865, 1
0.7106406051300164, 0.29967104664588134, -0.21371439068379383, 0.01318201641095286, 1
0.7106967044675747, 0.29207057490148525, -0.19176339670956513, 0.013182016410952856, 1
0.710779087735659, 0.28454167284037357, -0.1697878498814488, 0.013182016410952842, 1
0.7108862637136851, 0.2770803947589943, -0.1477894674745457, 0.013182016410952832, 1

Vessel: 10, Number of Points: 100

-0.6350000000000002, -0.6349999999999998, 1.1297992432709654, 0.010392290879688572, 0
-0.6496359477167459, -0.6199898271381424, 1.145531459644834, 0.010392290879688591, 0
-0.6643137043490184, -0.6046210487352608, 1.1608735791003475, 0.010392290879688603, 0
-0.6790312369578108, -0.5888568019158924, 1.1757697507116684, 0.010392290879688633, 0
-0.6937845784707468, -0.5726547772805048, 1.1901518066842427, 0.010392290879688647, 0
-0.7085665951944115, -0.5559666661695865, 1.20393543428996, 0.010392290879688643, 0
-0.7233669859726896, -0.5387363186594974, 1.2170176356969296, 0.010392290879688815, 0
-0.7381669771093039, -0.5209007471030218, 1.229264911587036, 0.010392290879688557, 0
-0.7529365939008342, -0.5023933856949406, 1.2405109639877638, 0.010392290879688267, 0
-0.7676301637453464, -0.48314223153370006, 1.2505429464980327, 0.010392290879690751, 0
-0.7821761671531658, -0.4630800654232664, 1.259090296504338, 0.010392290879682468, 0
-0.796465382822169, -0.4421592458720551, 1.2658156243473195, 0.01039229087970683, 0
-0.8103357764735664, -0.4203785672517655, 1.2703141239584184, 0.010392290879629087, 0
-0.8235602510439405, -0.3978243666013595, 1.272139735658706, 0.010392290879915392, 0
-0.8358522128996767, -0.3747139373911069, 1.2708788143398255, 0.010392290878831634, 0
-0.8469084242423246, -0.3514071078213629, 1.2662727008119423, 0.010392290881937008, 0
-0.8564899637357994, -0.32834562074724444, 1.2583356258903327, 0.01039229088394188, 0
-0.864499545340433, -0.30593017893912594, 1.2473776632869558, 0.010392290785482709, 0
-0.8709998064177233, -0.28441363574815026, 1.233903061430478, 0.010392291435304943, 0
-0.8761678261652062, -0.2638764126232557, 1.2184632019817196, 0.010392289076382314, 0
-0.8802320491356423, -0.24426675756177085, 1.201555165888276, 0.010392291355600273, 0
-0.8834263621200497, -0.225456581359603, 1.183584435106137, 0.010392329740611918, 0
-0.8859688386570828, -0.20728337596784305, 1.1648688831910727, 0.01039198885658362, 0
-0.8880510140336493, -0.18957713657354083, 1.145655662369149, 0.01039385380691965, 0
-0.8898686854819867, -0.17215447759859906, 1.1261563788218585, 0.010385756442287583, 0
-0.8915110296502982, -0.15488951556386554, 1.1065078769696766, 0.010414770803106349, 0
-0.8926825386459654, -0.13791053024389144, 1.0866182391797075, 0.010710191662206811, 0
-0.8893944773643119, -0.12352228239594756, 1.064897737206929, 0.012791412442351812, 0
-0.882199970256758, -0.11118245813730002, 1.042787610201459, 0.01404601367453289, 0
-0.8734302516967964, -0.0995536159243031, 1.0209960937024831, 0.013819952519567448, 0
-0.8638864540368274, -0.08819787759260601, 0.9994136808886556, 0.01386584271850206, 0
-0.8511966899125353, -0.07819989740205004, 0.9787636542502468, 0.01386147751772366, 0
-0.8387596755074631, -0.06808414972297464, 0.9579925602941939, 0.013859260898218234, 0
-0.8235845554564963, -0.058822995764219295, 0.9387984193716031, 0.013861000129409665, 0
-0.8080378050086254, -0.04972319756703841, 0.9197178260706811, 0.013860216992164104, 0
-0.7918034167484661, -0.0407189957944503, 0.9012612122694366, 0.013860497567685915, 0
-0.7738842529208829, -0.03209917100557471, 0.8841535000342893, 0.013860411509004545, 0
-0.7560011545814912, -0.023497062974840954, 0.8670285147332062, 0.013860434307612884, 0
-0.7379196165267595, -0.014928143053133325, 0.8501150090640339, 0.01386042945699764, 0
-0.7180873863366234, -0.00662967682407858, 0.8351097550221145, 0.013860430019252745, 0
-0.6982022984588522, 0.001661620793668817, 0.8201794598980334, 0.013860430187830158, 0
-0.6785733331171598, 0.009975485583359615, 0.804918392124483, 0.01386043002639007, 0
-0.6580438371244979, 0.018193083003827985, 0.7908692565031729, 0.01386043012129776, 0
-0.6368297715061532, 0.02633116419380217, 0.7777830983785813, 0.013860430014215268, 0
-0.6155983082249378, 0.034460117809889626, 0.7647480414818444, 0.013860430271247014, 0
-0.5944280302754379, 0.042599932488945266, 0.7515995719976438, 0.013860429672622611, 0
-0.5729568841173098, 0.05071190562845184, 0.7389555745314885, 0.013860430514856806, 0
-0.5506830353762486, 0.058741503838143964, 0.7277053307625304, 0.013860431128241441, 0
-0.5285308669061728, 0.06678662780256495, 0.7162335024946529, 0.013860421742610934, 0
-0.5064227255249463, 0.07483385436029001, 0.704682612215617, 0.013860462569846943, 0
-0.4842148439671111, 0.08287491941062351, 0.6933083472907469, 0.013860338575575675, 0
-0.4615791491484792, 0.09087434356347153, 0.6828023200818203, 0.013860594660260803, 1
-0.43873295650013466, 0.09885233561029519, 0.6727257889878634, 0.013860305049160245, 1
-0.41600228616337015, 0.10684321215034855, 0.6624080855016057, 0.013859939883579687, 1
-0.3932473130502149, 0.11483052167531116, 0.6521388301689283, 0.013862923191147972, 1
-0.37044175618545155, 0.12281478233369476, 0.6419817563131921, 0.013855428191560437, 1
-0.3473542957631265, 0.1307695865712534, 0.6324569686944864, 0.013852150443515322, 1
-0.3242802016165827, 0.1387104014162338, 0.6228960125411405, 0.013948291920882185, 1
-0.30117072106054393, 0.14672730468629724, 0.6134423802467653, 0.013523784773212913, 1
-0.2782475158811389, 0.15450222086945553, 0.6035571639733259, 0.014887998629928097, 1
-0.25516846727052067, 0.16268589488342822, 0.5946945321513312, 0.018040783848136194, 1
-0.23147023061727942, 0.17228253060361798, 0.5892967928491811, 0.020611156885591637, 1
-0.20768740122314666, 0.18311040438172124, 0.5875967648097851, 0.022166050936821335, 1
-0.18423049537812933, 0.19480072212487512, 0.589059362808803, 0.022793968477448374, 1
-0.16131931907542163, 0.20698578914626975, 0.5928688464825337, 0.022750655040938338, 1
-0.13892972714086446, 0.21946422352984013, 0.5983639950046796, 0.02222041871175457, 1
-0.11695225296266791, 0.23210290741081685, 0.604968921287653, 0.021360104993111795, 1
-0.09523403385093383, 0.24482373618921996, 0.6122140158771654, 0.020309213389811506, 1
-0.07361073825346749, 0.2575699901661511, 0.6196790472195339, 0.019193576396037724, 1
-0.05191321530924691, 0.270297172288067, 0.6269746046359352, 0.018128365740439235, 1
-0.02997601459261739, 0.2829477645367369, 0.6336763307661201, 0.01723910497304391, 1
-0.007717364614716846, 0.2954782840856389, 0.6395277388173815, 0.01660101498949158, 1
0.014818333608453521, 0.3078772606651998, 0.644559158345876, 0.016203612946506178, 1
0.03757532443213595, 0.32014861536466016, 0.6488655792356248, 0.01601796613356262, 1
0.06050256157244002, 0.3323038007892249, 0.652558384791203, 0.016010787834061062, 1
0.08355494822841641, 0.34436029728514184, 0.6557588401080089, 0.016146295347809286, 1
0.10669256511604791, 0.35634154140635554, 0.6585990163931986, 0.016385931784922172, 1
0.1298799676800452, 0.3682752869535081, 0.6612177452737961, 0.016689455662120434, 1
0.15308556098403336, 0.3801910531251802, 0.6637536227957567, 0.01701686264258436, 1
0.17627660936252143, 0.3921211656380712, 0.6663556546244623, 0.01732519877495854, 1
0.1994225040861864, 0.40409478248767283, 0.6691598503265495, 0.01757522399244301, 1
0.22251077446374823, 0.4161203326506489, 0.672210907700977, 0.017753935146636972, 1
0.24554207492786434, 0.42819417869739174, 0.6754965591241047, 0.017864777744313217, 1
0.26852373468707347, 0.4403076383015622, 0.6789789566570276, 0.017918618338709946, 1
0.29146139686411043, 0.4524546099401099, 0.6826307710655934, 0.017923319077655566, 1
0.3143612904684174, 0.464629248263988, 0.6864245984198942, 0.017886789006818962, 1
0.33723029521323244, 0.476825745892567, 0.6903321862107513, 0.017817202471949505, 1
0.3600754182109682, 0.4890387257896175, 0.6943264290866168, 0.017722420026747905, 1
0.38290388591240376, 0.5012629922118031, 0.6983804588975071, 0.017610245937373037, 1
0.4057230742693382, 0.5134934657710997, 0.7024675467680649, 0.017488452343011766, 1
0.42854042948083426, 0.5257251615160016, 0.7065611527464194, 0.01736476189933334, 1
0.4513634117216666, 0.5379531045266356, 0.710634747274701, 0.017246894989926948, 1
0.4741994341955951, 0.5501722706554298, 0.7146617176900576, 0.017142593049750677, 1
0.4970558036787737, 0.5623775302036552, 0.7186152816293815, 0.01705964003237162, 1
0.5199396627213376, 0.5745635840130534, 0.722468374417122, 0.01700589119639427, 1
0.5428578983851909, 0.5867248850271977, 0.7261935410346363, 0.016989299125469835, 1
0.5658171101352617, 0.5988556065946509, 0.7297628853803477, 0.017017926428431862, 1
0.5888235390879636, 0.61094957950452, 0.7331479798279985, 0.017099967774629268, 1
0.6118827270241199, 0.6230000301857446, 0.7363195587016911, 0.017243820068593603, 1
0.6350000000000001, 0.6350000000000001, 0.7392481020355431, 0.017457941422224135, 1

