Vessel: 0, Number of Points: 100

-2.0000000000000004, -1.0000000000000002, 1.0, 0.06178916059494218
-1.9122422350474308, -0.9718485692607417, 0.9198806983872051, 0.06178883783179889
-1.8244843550051981, -0.9437491883416027, 0.8397421462967641, 0.06179032388060514
-1.736727159317631, -0.9154176741224694, 0.7596896283295261, 0.06178373975909208
-1.6489664249831641, -0.8881033619109063, 0.679259527037725, 0.06181253386001587
-1.5615976140249048, -0.84879314771464, 0.6035655131528394, 0.061437135970622093
-1.4756301083184071, -0.7989360993903015, 0.5325880020990141, 0.060810420363963266
-1.3905426430358483, -0.7472027827785088, 0.4618947360857506, 0.06038825277338798
-1.305400170952182, -0.699122367595658, 0.3887449096025267, 0.06040569085091911
-1.2192638478100513, -0.6525211610476308, 0.3157875193403203, 0.060523408414261196
-1.1310148208152095, -0.6032982116125565, 0.2472171219737485, 0.06023851330772864
-1.0420773318868424, -0.5519309421066297, 0.1811636430729749, 0.059674517392033236
-0.9570909825025181, -0.5054404347623069, 0.10678568428558238, 0.05986752011481378
-0.8803053721347418, -0.4690620105781036, 0.01912037272932661, 0.061441162967937495
-0.8049897265800373, -0.434593550744064, -0.07063155566105729, 0.06325079351042204
-0.7154512471408115, -0.3813341613295071, -0.1317125698127107, 0.062287084224953125
-0.6265379092427249, -0.30600235694293226, -0.10492313990908285, 0.055156446780850285
-0.5428455750095762, -0.22450044767526972, -0.05731613447581608, 0.060718437892193076
-0.4330483428262906, -0.1963346457418911, -0.067480639669578, 0.027761255166252774
-0.31526965150323155, -0.16701101291635354, -0.07910705391146522, 0.028003599233911096
-0.19726282591119437, -0.13797098420495232, -0.09106306546081927, 0.027750762520894964
-0.08298888542498258, -0.13589543607187476, -0.12864507627296937, 0.027736089906662525
-0.010367373669689312, -0.1870413512891458, -0.21030220241427036, 0.02773572405949856
0.015072844734564076, -0.260201681124992, -0.3042119834489545, 0.02773572438507235
0.012744747009187745, -0.3383254306010878, -0.3978842692099159, 0.027735725447143957
-0.006443532329951042, -0.41688018330461446, -0.4893280677373442, 0.0277357255440983
-0.03687424417909789, -0.4945361365854092, -0.5784928251387002, 0.02773572554995791
-0.07567286070662846, -0.5708179989367175, -0.6655843333602204, 0.027735725550254182
-0.12093923157782688, -0.6455611902637949, -0.750877191971007, 0.02773572554484062
-0.17156779596506425, -0.7186628161788585, -0.834567208739833, 0.02773572537057132
-0.22679121029487387, -0.7900518267169829, -0.916819938239408, 0.027735722010535587
-0.28605571544720243, -0.8596651739036806, -0.9977735367385216, 0.027735676702387954
-0.34897770857445953, -0.9274221334318082, -1.0775340381449532, 0.027735383784353054
-0.415302378800759, -0.9932096051759126, -1.1561788473081926, 0.02774188488563789
-0.4848621392362559, -1.0568446979493429, -1.2337344282834246, 0.029372877099749298
-0.5575822665339045, -1.1180735985914088, -1.310199434223711, 0.034470122866721124
-0.6335599906542319, -1.1767134008868958, -1.385711851279774, 0.03420650635523378
-0.7128148383295737, -1.2322781501929274, -1.4601632214678297, 0.03418984746203577
-0.7955913670969186, -1.2841058046471128, -1.5334657362616817, 0.034190060006417215
-0.882217523976093, -1.3312540312950303, -1.6054613078560929, 0.03419026223152154
-0.9733150649028781, -1.3720397363420331, -1.6757914190733403, 0.03419028773596606
-1.0697942055409677, -1.4034215768880738, -1.7436821369409385, 0.03419028947857719
-1.172958211720771, -1.4185573701643241, -1.8069761933608726, 0.03419028938518105
-1.2814455862658134, -1.3976747711033577, -1.856941538807059, 0.034190288523094095
-1.3574256514119876, -1.307251590462744, -1.8615037378028454, 0.03419030214542738
-1.3656678079965396, -1.1923873657444064, -1.822966800328725, 0.0341901455119714
-1.3524922721073733, -1.080563776986161, -1.775674273572709, 0.0342025236962855
-1.3386547955463721, -0.9689419113296802, -1.728108188326318, 0.03423192066739548
-1.3243372291977835, -0.8574565821428534, -1.6803680887600807, 0.03426596973889257
-1.309682658555219, -0.7460525912656186, -1.6325407708210835, 0.034292264734377485
-1.29481848779132, -0.6346787074763675, -1.5847079972772662, 0.03429837051851747
-1.2798701764909195, -0.5232836157604154, -1.5369508927862137, 0.03427179367016307
-1.2649630802447718, -0.4118157979501143, -1.489350929243853, 0.034199913757434676
-1.2502678502998852, -0.3002649577674394, -1.441879845749947, 0.03410951505196451
-1.2361893118248317, -0.1888372463946051, -1.3939361215688986, 0.034233055221093905
-1.2223456223176659, -0.0775076328877807, -1.3456953315677331, 0.034475080991527414
-1.2062150899508217, 0.03447743038158543, -1.299758627742724, 0.03375310229350627
-1.1907655376741888, 0.14626751230845975, -1.253150102550341, 0.03331534412247709
-1.1845743549575196, 0.25463303870135995, -1.1975412492833317, 0.03709532384269952
-1.1682810930704954, 0.3660502900024277, -1.1520821863380464, 0.042279862182138625
-1.1168672072471235, 0.4765422275836881, -1.1499516815783828, 0.04286550233423471
-1.0627000646942453, 0.5857458596529573, -1.1511044882518298, 0.04266096712412976
-0.9998142916019622, 0.6871703606563974, -1.1523045783256103, 0.047285785471859035
-0.8854229192874975, 0.7295853118930932, -1.1498894396607484, 0.046612225492646445
-0.7740373119840962, 0.7815180795371374, -1.1496469253718855, 0.0487736091528799
-0.660536513854924, 0.7895913526349145, -1.1212500070637432, 0.05449398886381834
-0.5829186972385821, 0.7236639553001315, -1.0545035004709566, 0.05461782789139118
-0.5270940136099951, 0.6415726997174295, -0.9835243715260443, 0.052837485154180186
-0.473597079138358, 0.5581282108310925, -0.9121692864400474, 0.050963536812685756
-0.4108375801738641, 0.480666297435308, -0.8417338893976742, 0.050004150743449445
-0.33628981564718735, 0.41203515431519316, -0.7735969592184502, 0.05010466018888802
-0.25363910610194257, 0.35036409888460673, -0.7082016298112195, 0.050680720722230864
-0.16834667694107303, 0.29057356042652166, -0.6444569819475402, 0.05085709506101874
-0.08569177526299511, 0.2278111476626651, -0.5801058843208038, 0.05044380189580008
-0.009600030127680115, 0.15995756391179736, -0.5129052728710174, 0.05019655001510143
0.056880977619840706, 0.08628658824670685, -0.4417609079863315, 0.05072938979155368
0.11390928376895477, 0.008101267070267952, -0.3673019632917531, 0.052293281173754744
0.1717631946604312, -0.06955652428499216, -0.2929269508038472, 0.05452358204299822
0.24723207446925596, -0.1373896545129462, -0.22519831322290965, 0.056954750689084385
0.3587739833017704, -0.1634225961469799, -0.19053887995972071, 0.05838753657004762
0.47923020426324764, -0.1415289553754762, -0.19622544499300817, 0.05829223702423343
0.5993233962798827, -0.12048605108669899, -0.20022814536920228, 0.05827903552977924
0.7203017775233593, -0.10572015989158122, -0.2055241334727672, 0.05809026856655938
0.8408449869995576, -0.07951446987942284, -0.20101595311598655, 0.05861405642093681
0.9558835307067844, -0.06627917202763926, -0.20935654962652694, 0.0600869170289001
1.0536071044861117, -0.10573863360902287, -0.2769635332179293, 0.060250174645425786
1.1451615365209666, -0.14413661477131498, -0.34756066640438993, 0.06531584300262896
1.2292741222832781, -0.09068139158011067, -0.4118997703647371, 0.0691373147767429
1.2849741766341531, 0.009054840538041403, -0.45434419989517016, 0.06739251275798883
1.3340304479603204, 0.11464807595152958, -0.491686355487501, 0.0646589899602299
1.3895982373901847, 0.21465817822586505, -0.5340324314695374, 0.06287159493285711
1.4556814557996047, 0.30415142080235186, -0.5844676889719268, 0.06269597694228389
1.5275509816582453, 0.38624717724961904, -0.6393576976707019, 0.06351604180474889
1.5990459415080922, 0.46879208845169473, -0.6939594516458343, 0.06427348635821772
1.6671462913070427, 0.5558343413297757, -0.7459472426842666, 0.06443678783305627
1.7331305439235039, 0.6454016071200274, -0.796306290260995, 0.06424814582372618
1.7982013333537001, 0.7360282046165033, -0.8459623278620512, 0.06390962075151632
1.86355219591816, 0.8263346551465102, -0.8958339004996584, 0.0636167425252523
1.930385822970258, 0.9148995044034933, -0.9468466774371869, 0.06356862794598973
2.0000000000000004, 1.0000000000000002, -1.0000000000000002, 0.0639926655121509

Vessel: 1, Number of Points: 100

-0.5380828320241385, -0.2219744558512679, -0.05664108854363728, 0.055737893071377075
-0.4985512042272784, -0.17446068540913143, -0.001358380208204534, 0.05581746484870947
-0.4568879322776173, -0.12816580212705223, 0.0532642532523692, 0.055633907136583866
-0.41805404347010144, -0.08022470194712943, 0.10879023383098342, 0.05580200806813462
-0.378716574734266, -0.03265051929828807, 0.16408446760576162, 0.05590138929023121
-0.3243249063780638, 0.005336290014787208, 0.21375023885533165, 0.0541337846977601
-0.2582246434733822, 0.03263148588168408, 0.2557619368406152, 0.05109947289122336
-0.19004659838780058, 0.05762100579276696, 0.2956245107778614, 0.04877765484944521
-0.1250255586298092, 0.08651242709205823, 0.3381960705858487, 0.04824746716382762
-0.061708833959054236, 0.11669285721540733, 0.3823530026425333, 0.04875232667010998
0.003177962136477996, 0.14410295465121165, 0.42604642107810003, 0.049043171519498586
0.06895013988463752, 0.17063710875721308, 0.4690401673846667, 0.0488834437106325
0.13120905045336778, 0.20355112114930024, 0.5126536808431733, 0.048969909105095556
0.18880655399146595, 0.24349977711319318, 0.5570148187017024, 0.04957330535512683
0.2494820485030468, 0.27880976197591467, 0.601147608077704, 0.049965775166504814
0.32248721608979247, 0.2778060313746216, 0.6364747097744041, 0.04834596661262361
0.39224700047669403, 0.23499639316829352, 0.6527163258260431, 0.04562813134699024
0.4624586562857054, 0.1943478710866735, 0.6696460413812737, 0.04544065981426437
0.5330985094228724, 0.15614174086334848, 0.6903742602283957, 0.04513734010538034
0.6037195809625839, 0.11525390266440105, 0.7032580334048604, 0.046281986303103546
0.6734264004647577, 0.0769102824217635, 0.7246977642502, 0.04541194901136335
0.7205352909316474, 0.06121539061826803, 0.7893694932671761, 0.03435858826684974
0.762607172481084, 0.04973798006533309, 0.8597461233914963, 0.02981158034630016
0.809571199173305, 0.034517597538974036, 0.9263064394043928, 0.031640761932422774
0.8549221164243899, 0.020556914956475877, 0.9942785276305229, 0.03131963107641521
0.9004127669728672, 0.006464501649612772, 1.0621231567000222, 0.031199856479930746
0.9462118187588996, -0.007704295618433033, 1.129746035033184, 0.03137657348916274
0.9920099214498994, -0.021700262039952435, 1.1974058292221967, 0.03143859685463905
1.0377431238110537, -0.035653903079803664, 1.2651182278309445, 0.031420564289704724
1.0833499088850758, -0.04969888979902677, 1.3328970540126925, 0.0313610701905123
1.1287355414507239, -0.06399942779199391, 1.400768554707729, 0.03130066343357597
1.173888924673416, -0.07867525393463043, 1.4687238299950702, 0.03127932875807949
1.2129355647360147, -0.09873435865675581, 1.53897719316444, 0.031279470198932846
1.2350680432048635, -0.1290956839792428, 1.6127190548213126, 0.03127948165253704
1.232504825078184, -0.1691673035886893, 1.6850585628722172, 0.031279471291019996
1.2063770991634735, -0.21420604303078988, 1.7494194572413408, 0.031279473229312335
1.1644311278830757, -0.2600242096832898, 1.8042385474619356, 0.0312794731555207
1.1127971008450575, -0.3049615633520531, 1.8509526734514772, 0.03127947310809178
1.0550804333401997, -0.34861788872734223, 1.8913555689678365, 0.03127947312033717
0.9932170278063335, -0.39096289795555933, 1.926709425346415, 0.03127947311848257
0.928491844929337, -0.43213447135493926, 1.9581102364902743, 0.031279473140088235
0.8616271223764221, -0.47224870241945155, 1.986230888727555, 0.031279473015503954
0.7930688521326977, -0.5113901809174601, 2.0115001250878586, 0.031279473214892016
0.7231357004611362, -0.5496373873829615, 2.03424754905353, 0.031279475807998294
0.6521370757161946, -0.5871146401016366, 2.0548808820998588, 0.03127945338126603
0.5801633977858301, -0.6238153683969936, 2.073421103601974, 0.03127952757829651
0.5074049487037114, -0.6598361309225207, 2.0901478785883953, 0.03127972058603456
0.43391785396038707, -0.6951708799730066, 2.105056861041592, 0.03127622320511135
0.3597953718308429, -0.7298541379004926, 2.1182419948054005, 0.03129350470581055
0.285157727241863, -0.7639428096762371, 2.1298689182274098, 0.032717402442625845
0.20994679811481268, -0.7973632255330763, 2.139704120157319, 0.03316292344419454
0.13428741919070167, -0.8302014320233803, 2.147973579064985, 0.03316333265555486
0.05816430346493676, -0.8623687170249013, 2.1544293174697984, 0.03314743088458892
-0.018340800893243612, -0.8939179427156716, 2.159198880907331, 0.033152250887407114
-0.09523081369656043, -0.9247563868186295, 2.1620120900787336, 0.03315139279992799
-0.1724586796007425, -0.9548616629810467, 2.162787089902759, 0.03315145759219471
-0.2499785327369769, -0.984182342936713, 2.161366155884368, 0.03315147231834111
-0.3277420416004126, -1.012615893583792, 2.1574516283699587, 0.03315146551800723
-0.40567545324349796, -1.040012387722377, 2.150618271320271, 0.03315146704406849
-0.4836526411646915, -1.0661899155544337, 2.140368513239206, 0.033151466850021176
-0.5614573994794864, -1.0908475442131451, 2.125912292478156, 0.033151466838936744
-0.638709859169478, -1.1135930154072122, 2.106292507673293, 0.03315146691204141
-0.7146379993892276, -1.1336970745854689, 2.079839701490306, 0.03315146660178691
-0.7875405424053394, -1.1498697597602727, 2.043918917161043, 0.03315146737576813
-0.8535506962354998, -1.1598930508431335, 1.9948948300773335, 0.03315146945992184
-0.9049720309668806, -1.1607226516409406, 1.930063606905887, 0.033151433826273606
-0.9328072728729919, -1.150870947417322, 1.85277292605725, 0.033151646443391004
-0.9378301617020485, -1.1338131029082539, 1.7718732083376647, 0.033152764682846614
-0.9360697161188983, -1.1152050643187001, 1.691102817400695, 0.033183615968562195
-0.933560751453215, -1.0964696849974715, 1.610393362539114, 0.033215186291144255
-0.9308149335120082, -1.0776889707944726, 1.529704122404754, 0.03319767152637215
-0.9283225777703733, -1.058942375809979, 1.4489957266158264, 0.033078646221077576
-0.9261412422282518, -1.0402894506593325, 1.3682621747679458, 0.03332362356070822
-0.9237712693728906, -1.021569750320441, 1.2875676463187462, 0.03300476435222741
-0.9208379480158819, -1.002686203069255, 1.207218222056876, 0.040608459049462864
-0.899311822570381, -0.9770053770603775, 1.1318062920686838, 0.04765666802157557
-0.8575757330120168, -0.9451882225390487, 1.0674683018104816, 0.04998004212591335
-0.8049561742591688, -0.9109832625942911, 1.0132693609219179, 0.04935436443659615
-0.7470686010976911, -0.8759460385313301, 0.9654517983847123, 0.04709715030330085
-0.687103671293636, -0.8406532216196034, 0.9204813389919695, 0.04413788145005825
-0.6273415707555476, -0.8053839064622237, 0.8752262661796921, 0.04125109771117302
-0.5699096082651858, -0.7704092533382182, 0.8268139568568027, 0.03913431066456515
-0.5157604336219507, -0.7359416148173505, 0.7743721443190796, 0.038048302833432184
-0.46453932361303735, -0.7020125994649827, 0.7187297714890154, 0.03782868487114229
-0.4155996548710019, -0.6685482490548669, 0.6607985686849135, 0.038256778797621474
-0.36804905850264524, -0.6353848998758598, 0.6015561804539962, 0.03906819852568035
-0.32086795586098793, -0.6023036920294373, 0.5419744677840629, 0.03998032012594832
-0.27299162953974865, -0.5690686141998733, 0.4830343276402704, 0.0407025499905154
-0.22399204763614625, -0.5355915546442407, 0.4251609247455119, 0.04111394043334607
-0.174047939570698, -0.501917688027734, 0.3682149104590259, 0.04125988506947386
-0.12338634141490853, -0.4680987022372458, 0.31199332525562684, 0.04120151867574539
-0.07220701286519861, -0.4341773443139932, 0.256305153473995, 0.04099429583533729
-0.020701982377685252, -0.4001926432787543, 0.20095737244676115, 0.040692782713696876
0.0309446880212716, -0.3661806504521075, 0.1457587788610019, 0.040350109838991406
0.08255176690955499, -0.33217627089369967, 0.09051841393429426, 0.04001895141618831
0.13393722303524602, -0.29821473245838254, 0.035045244786696864, 0.03975211126054541
0.18491421781485673, -0.2643331422886678, -0.02085248401789542, 0.03960320929578994
0.23528705568163039, -0.2305721257734291, -0.0773676046809842, 0.03962733498551265
0.2848472083767206, -0.19697751273064684, -0.1346940224875366, 0.03988164180847609
0.33336889128399994, -0.16360234326202808, -0.19302612098854424, 0.04042592966929257

Vessel: 2, Number of Points: 100

0.6731826546386706, 0.07696607112715016, 0.72424460424683, 0.03992618079809433
0.6855619668872384, 0.0178306063203188, 0.7093428329567825, 0.039883741701969844
0.6964793084861659, -0.04163536939055316, 0.6948009896178494, 0.03998387640763765
0.7095960053739914, -0.10063317833708767, 0.6797121196945981, 0.03987014714099233
0.7218476867750073, -0.1596789949701498, 0.6648644506739323, 0.03983769246411019
0.7285780069873817, -0.2199683076468596, 0.6513770122495748, 0.04034392880282482
0.7504598404361423, -0.27465227682199117, 0.6345766209735271, 0.03933359998616847
0.8039999862221002, -0.2981253546571763, 0.6145871091242436, 0.0352072284783962
0.8617201910532178, -0.3105540568303546, 0.5955053710383259, 0.031927854299608656
0.9176407218997384, -0.3293730542930966, 0.5757249275788685, 0.031194539242818484
0.9716223713664742, -0.3528414107885361, 0.5556047125856797, 0.0319912693795867
1.0262861633219478, -0.37476789178009917, 0.5355650619339444, 0.03227422728232398
1.0815661391430935, -0.39522285771639876, 0.5156631916451371, 0.0320719041527225
1.1367548258684639, -0.4159633378430596, 0.4958024253096263, 0.03196614941207444
1.1917150275463428, -0.4371865862804613, 0.4758183559234121, 0.03201611348779081
1.246532007757522, -0.4584949874898212, 0.4555338234212741, 0.03208245607777258
1.3012740491890995, -0.4797459451310383, 0.4349883093848024, 0.03211933295181296
1.3559985371576788, -0.5009361697462512, 0.41433345667309146, 0.03213167224205912
1.4107634047731423, -0.5220668845550194, 0.3937251223936937, 0.03212597654629072
1.4656256865992063, -0.5431378944614794, 0.37331400247647645, 0.032108183546735024
1.5206423608869652, -0.5641480799839741, 0.353265607552682, 0.03208440063359043
1.5758620234158454, -0.5850982289441725, 0.3336925814770169, 0.03206070226091577
1.6313516895336848, -0.6059755661980071, 0.3149156616942118, 0.03204303449086656
1.6871823688107455, -0.6267838796249469, 0.2967570171851608, 0.03203731198731444
1.745012672804229, -0.6469619229073733, 0.28646249787431055, 0.03203759725571495
1.8040145738897757, -0.6666734097062373, 0.289266923351244, 0.03203747960802306
1.8612158532341352, -0.6868053239307204, 0.30315984636115845, 0.03203751263986823
1.914905851408784, -0.707949900349836, 0.32640617503405517, 0.03203750350392281
1.964287425889973, -0.7304866084557587, 0.35683049318681065, 0.0320375059895995
2.0094518621611606, -0.7545099135553353, 0.39223238564026586, 0.0320375053199748
2.050417306698394, -0.780122102336629, 0.43143233669049147, 0.032037505515412276
2.087387205150744, -0.8073617703828275, 0.4734065046252562, 0.03203750540156165
2.120663512564755, -0.8362085418523325, 0.5173509464131076, 0.03203750562228801
2.150489999869225, -0.8666466293493551, 0.5626765939643077, 0.032037505023254975
2.177105749183433, -0.8986432359492154, 0.6089190337195566, 0.03203750657428561
2.200753546311152, -0.9321422575447234, 0.6557064417858554, 0.032037503172366616
2.2215774613630024, -0.9671200618709985, 0.7027535173292422, 0.03203750768810841
2.2397363476771046, -1.0035318229955654, 0.7498166208113443, 0.0320375179336654
2.255068307458451, -1.0415055224297727, 0.7966501484380634, 0.03203739269437558
2.267853403269047, -1.0809153437526062, 0.8430605698648105, 0.03203813312241384
2.278183174660496, -1.1217187091389484, 0.8888733195963452, 0.03203453093524684
2.285969361084021, -1.1639658074223727, 0.9338757413531306, 0.03205047901480747
2.2910652163216465, -1.2077324972848615, 0.9777915877257506, 0.031983818547037704
2.293774682892968, -1.2528257777352145, 1.0205703998373246, 0.03212594649254299
2.2937102892992653, -1.2993882684744165, 1.061775261442484, 0.029948305149918784
2.290899838179384, -1.3473835660873228, 1.101243990570488, 0.029050246105039913
2.285197638805569, -1.396787053698662, 1.1386217845856539, 0.02923232276329469
2.276495358537823, -1.4475134154199543, 1.1735709885098278, 0.02918932295728023
2.2646589880628993, -1.4994531435766996, 1.2057041709737362, 0.029199210439568066
2.249239354046924, -1.5525250938812567, 1.2342639232960506, 0.02919701076963324
2.229980817655045, -1.6064557424225367, 1.2585718304275768, 0.029197478877822175
2.2066137031214623, -1.660804174341539, 1.2778114018115605, 0.029197385563016424
2.178754992790902, -1.7148813751086092, 1.2908382457917678, 0.029197402257593486
2.14591033099318, -1.767459994415295, 1.2959639545652464, 0.02919739988141276
2.108186188145057, -1.816756438391922, 1.2919380247686973, 0.029197400002267716
2.065956391094156, -1.859983904918493, 1.2771978331027514, 0.02919740009072627
2.0205687779489767, -1.8934285589209845, 1.2509543543481967, 0.029197400051441526
1.9745076333470255, -1.9134636607354503, 1.2142445235380679, 0.029197399998366524
1.9307513023875151, -1.9184371751914073, 1.1703680135335337, 0.02919740035907934
1.8918253048635272, -1.9078647947918912, 1.1229858077582717, 0.029197398640929913
1.858670961869127, -1.8845799567509884, 1.075797136149723, 0.029197406336984335
1.8316618464821681, -1.8507536016640584, 1.0311511676547518, 0.029197397410243117
1.8081807149598799, -1.8117878643690044, 0.9886865325750839, 0.029199168742101093
1.7848177473566071, -1.7726885222714843, 0.9463190166720312, 0.029204984992966435
1.7618196883685802, -1.7330904075777573, 0.9042031724070331, 0.029213730757896694
1.7390577059066037, -1.6931808473691883, 0.8622572567658582, 0.029224430891421595
1.7165243061530753, -1.652968964109415, 0.8204758696218252, 0.02923603507432052
1.6941796384905612, -1.612509598846259, 0.7788325732233075, 0.02924751344100117
1.671991745912064, -1.5718449346582624, 0.7373054956347755, 0.0292578316918423
1.6499263164143594, -1.5310196226346857, 0.6958709108572888, 0.029265957385719528
1.6279493530931868, -1.490077101071739, 0.6545050104477073, 0.029270857495371568
1.6060265826513678, -1.4490606625997053, 0.6131836043281912, 0.029271499819859187
1.584123653515257, -1.4080133613809398, 0.5718823274640328, 0.029266846906551573
1.56220617385832, -1.3669781832855268, 0.5305767243946353, 0.02925587377722839
1.5402396656916504, -1.3259982373084782, 0.48924234636286673, 0.02923750817938605
1.518189904845467, -1.285116695083989, 0.44785489141075263, 0.029210808206940265
1.4960238410021398, -1.2443763480737735, 0.406390414784361, 0.029175491081597386
1.473732685231428, -1.203804196118376, 0.3648281927453307, 0.029145815853838936
1.451325712438989, -1.1634152214472748, 0.3231499887290967, 0.029146737498369303
1.4288130333386524, -1.1232238598339523, 0.28133798187986647, 0.02920349342427645
1.4062381684257164, -1.0831712030108585, 0.23942660728064488, 0.029313710600669604
1.3837503442385928, -1.0429647771534598, 0.19761564221820074, 0.029387275681499365
1.361530861154234, -1.0022514077066675, 0.15615358847243402, 0.02931107623607407
1.3397283642194937, -0.9607582736168323, 0.11524785006998811, 0.028994322039304028
1.3180606652994804, -0.9190144997035917, 0.07452722262012228, 0.028595648576999255
1.295807117059891, -0.8783515843101833, 0.03302920421086622, 0.0285315469101172
1.2722814297364762, -0.8402416087569128, -0.010133361694331327, 0.029211244124303835
1.2475882845203172, -0.8046885893407655, -0.05479425434787368, 0.03077094461028208
1.2233231568115983, -0.768191955868302, -0.09890842928726613, 0.03281584268444826
1.2023148752773098, -0.7252015188596297, -0.13875417556588285, 0.03469760921719008
1.1883237985219186, -0.6726562881850817, -0.16875853474765942, 0.03570863024243558
1.1818986161325187, -0.6135836358637823, -0.18760433646115351, 0.0356854969356623
1.1775052524261378, -0.5535697868708025, -0.20333580518182007, 0.035396079771005624
1.1715087487008156, -0.49438621831604423, -0.22151182729611735, 0.035318845935567646
1.1643836121103748, -0.43585590241747857, -0.24139888359746364, 0.03539189735574473
1.1574175457808005, -0.37724566846856156, -0.261043023652863, 0.03544398493865424
1.150910695307026, -0.3183452252307096, -0.27999452174919004, 0.035434520370827685
1.1445753783949675, -0.2593465838169181, -0.2986858134909159, 0.035402224562722726
1.1381417210737819, -0.20040544272363617, -0.317526107405092, 0.035383037051818056
1.131330328283084, -0.14169215700337723, -0.3369377200752047, 0.03541430846898892

Vessel: 3, Number of Points: 100

0.7421673286748331, -0.2651443436409838, 0.6387967951395438, 0.03133353673731105
0.7156900181451663, -0.3042109814572324, 0.648428701244084, 0.031333536737310236
0.689308189148132, -0.343404955537587, 0.6578043226576212, 0.031333536737309445
0.6630288053674963, -0.38273155082513444, 0.6669082736411235, 0.031333536737308675
0.6368588304870254, -0.42219605226296175, 0.6757251684555592, 0.03133353673730792
0.6108052607090002, -0.46180375743804913, 0.6842395594560191, 0.03133353673730719
0.5848760499779625, -0.5015603363280333, 0.692434175732398, 0.031333536737306475
0.559080255857245, -0.5414718868596177, 0.7002896463619456, 0.03133353673730577
0.5334277626430489, -0.5815447565142798, 0.7077850859483201, 0.03133353673730509
0.5079296714164963, -0.621785651003909, 0.7148973875809868, 0.0313335367373044
0.4825981840720738, -0.6622015366029756, 0.7216014870397195, 0.031333536737303734
0.45744719125508265, -0.7027997663234684, 0.7278693281376898, 0.031333536737303096
0.43249215794152973, -0.7435879439436661, 0.7336701561098068, 0.031333536737302485
0.40775060882719305, -0.7845739750588916, 0.7389697072962693, 0.0313335367373019
0.38324249782438713, -0.8257659467862088, 0.7437297237642948, 0.03133353673730134
0.3589902916447481, -0.8671720861590894, 0.7479078554014746, 0.03133353673730078
0.3350201158500125, -0.9088006136750162, 0.7514559672153097, 0.031333536737300306
0.31136152695053987, -0.9506595309781171, 0.7543206753732551, 0.03133353673729986
0.28804911667808425, -0.9927562564505531, 0.7564411093818014, 0.031333536737299154
0.26512276610241287, -1.0350975735343773, 0.7577485526233693, 0.03133353673729903
0.24262895899080864, -1.0776885663179774, 0.7581652431299679, 0.03133353673729928
0.22062353499745319, -1.120530720755877, 0.7576015849644794, 0.03133353673729543
0.19916761614726514, -1.163627640323101, 0.755957873526098, 0.03133353673730379
0.17833741595119196, -1.2069754800045511, 0.7531166738669404, 0.03133353673732347
0.15822911554452226, -1.2505560732203769, 0.7489407812475318, 0.03133353673730546
0.13894598515921167, -1.2943463239163067, 0.7432858439502, 0.031333536737225776
0.1206235258678814, -1.3383009722015846, 0.7359748112385249, 0.0313335367372341
0.10341205327125018, -1.3823632811413196, 0.7268166679602965, 0.031333536737491834
0.08749763870193211, -1.4264360291725622, 0.7155972548558366, 0.031333536737513025
0.07309310883259228, -1.4703897447025327, 0.7020867101661731, 0.03133353673660613
0.060444642033846675, -1.5140333908461292, 0.6860532453871552, 0.03133353673688091
0.04982196157047844, -1.5571228705187197, 0.6672716396271012, 0.0313335367402332
0.04150520849580002, -1.599333724799943, 0.6455665652710014, 0.03133353673508718
0.03575998830990253, -1.6402894244033466, 0.6208287085482679, 0.0313335367279419
0.03280130819614315, -1.6795665286617583, 0.5930675789256902, 0.031333536767334136
0.03275091595613473, -1.7167578728227506, 0.5624268286139597, 0.03133353671518299
0.03562245631348944, -1.7515133483420708, 0.5291740581310415, 0.03133353662787028
0.04130098809688745, -1.7836018882278182, 0.4936820303582036, 0.03133353717556984
0.04957433197464839, -1.8129325464262314, 0.4563616512637975, 0.031333536137720365
0.06016838421395398, -1.83954005504313, 0.417618011051916, 0.03133353557512507
0.07278085152102672, -1.86356748301762, 0.3778113207760332, 0.03133354351520769
0.08711736262539745, -1.8852231542171196, 0.3372353726295509, 0.03133352580431943
0.10290529637050028, -1.9047474015137882, 0.29612306559474677, 0.03133351985527796
0.1199037036248344, -1.9223920956215925, 0.2546476124293935, 0.0313336359789283
0.1379066272547431, -1.9384012163247237, 0.21293362500309693, 0.03133342547770875
0.1567356540198594, -1.9530068854024658, 0.17107157907136233, 0.031333181704644386
0.17624008156139429, -1.9664240122084384, 0.12912160196442007, 0.031334745585884796
0.19629353281132692, -1.9788470995739849, 0.08712512130579568, 0.03133357223135405
0.21678527305675752, -1.990457095614513, 0.04510891195810257, 0.0313274939457911
0.23760799760424772, -2.0014323117511643, 0.0030836798727347796, 0.031342185662760466
0.2586856153135855, -2.011917936989534, -0.03893864359121336, 0.03135279520856743
0.2799795238570816, -2.0220189621944433, -0.08094183847789004, 0.03126841456791968
0.3013172883119237, -2.0319818978243953, -0.12296114972086189, 0.031316041815712604
0.3227387225314587, -2.0418264049067014, -0.1649611458307904, 0.031246700754180245
0.34517413223253524, -2.050596423645726, -0.20661097980115384, 0.029076889997505066
0.3681627646336771, -2.0587341822605243, -0.2481045118492422, 0.026908092166764316
0.39113150863794777, -2.0667731871448973, -0.2896699411583769, 0.026788925169424656
0.4144024231466671, -2.0742467266049474, -0.33117799185755653, 0.026995050019382242
0.4382191020823591, -2.0807628344768263, -0.3725346928606246, 0.02691124591672472
0.4626897448200124, -2.0860482323638028, -0.4136855649673879, 0.026928146026915286
0.48801896342406637, -2.08966488264772, -0.4544969209465217, 0.0269292822734211
0.5144144670712201, -2.0910845051686815, -0.4947689394901076, 0.026926849676921074
0.5420883000715803, -2.0896279075636617, -0.5341625768809939, 0.026927951679688922
0.5712612095953958, -2.084431862634328, -0.5721733083614213, 0.026927550889265576
0.6020238246817764, -2.074451702606908, -0.6079313745075721, 0.02692764759798066
0.6342302515395923, -2.058605121619509, -0.6401818928790715, 0.02692769918822266
0.6672283519413972, -2.036231871499249, -0.6673292757086194, 0.026927664218703122
0.7000183457367609, -2.007477988394549, -0.6880400999192343, 0.026927668606882456
0.7314138994341246, -1.973578375965853, -0.7017519940716019, 0.026927672059937163
0.7607494214128012, -1.936044449711276, -0.7089358368225588, 0.026927670647132775
0.7878543495962494, -1.8962355891539557, -0.7106461512205808, 0.026927671207958324
0.8128246748188817, -1.8551120302007285, -0.7079469208273165, 0.02692767107973499
0.8359063314368316, -1.8132726992288712, -0.701776049093961, 0.02692767103374721
0.8573560750013176, -1.7710625432781142, -0.6928433953570513, 0.0269276710847335
0.8774084928801523, -1.7286973136568098, -0.681702024857654, 0.02692767108176195
0.8962630172534621, -1.686293276507767, -0.6687576077936476, 0.0269276710685764
0.91408494530076, -1.6439263529348562, -0.6543267383621102, 0.026927671069978842
0.931006088415511, -1.6016381092850271, -0.6386436465334913, 0.02692767107330207
0.9471432741380951, -1.559454908793141, -0.6219058697506356, 0.026927671072689924
0.9625886186771146, -1.5173835586424178, -0.6042557322405779, 0.026927671072761984
0.9774197063417343, -1.4754308972520562, -0.5858141673738675, 0.026927671072816663
0.9917015395709565, -1.4335987394176635, -0.566678735975043, 0.02692767107277182
1.0054892534007545, -1.3918860381695117, -0.546929704477703, 0.026927671072788
1.0188301876228798, -1.3502904572760208, -0.52663461009329, 0.026927671072788782
1.0317647696176988, -1.3088085603227677, -0.5058497438040837, 0.0269276710727861
1.04432806257309, -1.2674364325588674, -0.48462302992859707, 0.0269276710727879
1.0565509126900157, -1.2261699156017503, -0.462995942647461, 0.02692767107278878
1.068459936450539, -1.185004763031839, -0.4410036367137997, 0.026927671072789067
1.080078995492062, -1.143936765520461, -0.41867724171250004, 0.026927671072789754
1.0914289919986695, -1.1029618133423436, -0.3960436205102231, 0.02692767107279054
1.1025286461776025, -1.06207594884955, -0.37312656571200564, 0.026927671072791242
1.1133947308947065, -1.0212753652646802, -0.3499471443681783, 0.02692767107279197
1.1240422009253883, -0.9805564621185047, -0.3265239417560964, 0.02692767107279273
1.1344846579984482, -0.9399157975342989, -0.30287370104185857, 0.026927671072793504
1.1447343666801606, -0.8993501223674037, -0.2790113794918552, 0.026927671072794295
1.1548025980427519, -0.8588563336446526, -0.2549506103298478, 0.026927671072795093
1.1646993780112225, -0.8184315565598329, -0.23070341055768623, 0.026927671072795922
1.1744335932961447, -0.7780731257791546, -0.20628031914678055, 0.026927671072796765
1.1840140873142007, -0.7377783839294707, -0.18169181889852948, 0.02692767107279763
1.1934497034820724, -0.6975446736376311, -0.15694839261433083, 0.02692767107279849

Vessel: 4, Number of Points: 100

0.3053062828108416, 0.2833135061380947, 0.6303141339099163, 0.028559616937310284
0.3391963325873945, 0.34523134373040737, 0.6291216206432215, 0.028559616937314992
0.37309660533551975, 0.4071475850558601, 0.6281430612994192, 0.02855961693731962
0.40700727333054054, 0.4690613163244399, 0.6273914366445492, 0.02855961693732418
0.44092850884778023, 0.530971623746134, 0.6268797274446507, 0.028559616937328662
0.4748604841283626, 0.5928775932782768, 0.6266209164772385, 0.028559616937333075
0.5088033549362005, 0.654778189150655, 0.6266289556442718, 0.028559616937337415
0.5427572341563363, 0.716672058819791, 0.6269203188135264, 0.02855961693734167
0.576722215493972, 0.7785577329619475, 0.6275123445780981, 0.028559616937345836
0.6106983253718783, 0.8404333815420493, 0.6284248875082916, 0.02855961693734992
0.64468555419395, 0.9022969913513263, 0.6296790441153596, 0.028559616937353892
0.6786837823685957, 0.9641460427158084, 0.6312991442146274, 0.028559616937357778
0.7126928159104707, 1.0259776852764577, 0.6333115790997244, 0.02855961693736153
0.7467122840169208, 1.0877883617098938, 0.6357468046319815, 0.02855961693736519
0.7807416785308263, 1.1495739833855052, 0.6386382451501432, 0.028559616937368734
0.8147801927798476, 1.211329389234302, 0.6420249068548117, 0.02855961693737215
0.8488267659990814, 1.2730485453608205, 0.6459501241094792, 0.028559616937375416
0.882879839242861, 1.3347237825071574, 0.6504649145947488, 0.028559616937378525
0.9169373210627089, 1.3963457801760912, 0.6556274854765969, 0.02855961693738148
0.9509963323211722, 1.4579028365913245, 0.6615060310970555, 0.028559616937384236
0.9850528397902234, 1.5193799360464382, 0.6681815284295695, 0.02855961693738683
1.0191013623089955, 1.580758046758417, 0.6757494946937829, 0.028559616937389207
1.0531342226454974, 1.6420122379014919, 0.684325469360098, 0.02855961693739121
1.0871405221458739, 1.7031092444177074, 0.6940509895318802, 0.02855961693739345
1.1211046667026634, 1.764004064773946, 0.7051011382557797, 0.028559616937394238
1.1550039277385422, 1.8246343674418213, 0.7176966535809486, 0.028559616937396736
1.1888041412142347, 1.8849109576218361, 0.7321217891022237, 0.02855961693739552
1.2224526682242332, 1.9447024363051995, 0.7487507754498489, 0.02855961693740355
1.2558641819610126, 2.0038052963711803, 0.7680899317056639, 0.028559616937339195
1.2889021868628792, 2.0619044313701904, 0.7908388481635124, 0.028559616937897176
1.3213142430945108, 2.118441850255321, 0.818029443271992, 0.028559616937905652
1.3526227948780631, 2.17240919791343, 0.8511145895741882, 0.0285596169339531
1.3818454876282442, 2.221810717832184, 0.8922533367177926, 0.028559616947950738
1.4069794852473847, 2.2627592264884107, 0.9439259072144502, 0.028559616907595887
1.4245050845641871, 2.2887257470169766, 1.007296381248011, 0.028559617111279155
1.4314600658947265, 2.29478745505177, 1.077297547751707, 0.02855961631109893
1.4286012176422085, 2.2829822529266126, 1.1469763317449897, 0.02855961837388064
1.4191075300224374, 2.2594411328194868, 1.2128074379679696, 0.028559610372475643
1.4054793491603534, 2.228713948559233, 1.2748965591502348, 0.0285596448176258
1.3892218697199412, 2.193485989226068, 1.3338754586872867, 0.028559506389311894
1.3712336816262973, 2.15532588470546, 1.3904837731797404, 0.02855999515760602
1.3520692631995372, 2.1151898501489805, 1.4453076776458094, 0.028558657860489646
1.332115936578356, 2.0737351160786317, 1.4988560784931297, 0.02856064334687486
1.3116390973909398, 2.0314093177260113, 1.5515176869552054, 0.028563822162776763
1.2907638388605287, 1.9884306998968022, 1.6034713909232015, 0.028531375031563562
1.269929001221793, 1.9455019356971919, 1.6555201302749039, 0.028576751285837955
1.246597007102607, 1.8986574983619788, 1.7028013088941962, 0.027648955270617198
1.2222844142254568, 1.8501641325250684, 1.7480962024926114, 0.02700357461056843
1.198440522549444, 1.8021391563118558, 1.7940041813063492, 0.027072528378007724
1.1744706208435807, 1.7534874015516306, 1.839197425815831, 0.027062286364300716
1.150428468489735, 1.7041148033047335, 1.8835606880027917, 0.027062149372332266
1.1262874799504239, 1.65377895434301, 1.926776590552003, 0.027062265135584053
1.1020352644518712, 1.6022314343750421, 1.9684783065307032, 0.027062784307742054
1.0776675807311156, 1.549196255563638, 2.0082014765125002, 0.027062563927997035
1.053197396852645, 1.4943777154258777, 2.0453617370106665, 0.02706258075950899
1.0286655290010067, 1.4374651958788314, 2.0791925158680624, 0.02706260463987778
1.0041652453175527, 1.378170823130348, 2.108682445585843, 0.02706259171180166
0.9798753009398128, 1.316305689419835, 2.13252873378196, 0.02706259519230603
0.9561054389290318, 1.2519157520008333, 2.14912686457541, 0.027062594780161223
0.933340659329945, 1.1854929329461237, 2.1566996511705407, 0.02706259464424754
0.912225947658245, 1.1181648539665774, 2.1537122854641346, 0.027062594759282434
0.8934188158146015, 1.0515918677410778, 2.1394942462585895, 0.027062594707458688
0.8773645614289776, 0.9874723901029515, 2.114595995136306, 0.027062594725810407
0.8641714297831721, 0.9270071702540021, 2.0805303653857403, 0.027062594721527063
0.85365416877299, 0.8707027929123032, 2.0391917167637574, 0.027062594720982686
0.8454835057752191, 0.8185299611030434, 1.9923198804027413, 0.027062594721788718
0.8392983712405798, 0.7701520356535904, 1.941289715737133, 0.027062594721689603
0.8347738421211998, 0.7251313600569873, 1.887102651635597, 0.027062594721699258
0.8316397783663247, 0.6830540941416489, 1.8305038049572462, 0.02706259472169807
0.8296760358551798, 0.6435438878605135, 1.772031953172846, 0.027062594721698256
0.8287053828305109, 0.6062753569976587, 1.712081652302207, 0.027062594721698165
0.8285851569832512, 0.570972286236496, 1.6509454738471705, 0.0270625947216988
0.829199950113608, 0.5374018973480778, 1.5888437649969125, 0.027062594721699335
0.8304555973457192, 0.5053679179396764, 1.5259452132412237, 0.027062594721700205
0.8322744332640367, 0.47470405378379965, 1.4623812258231546, 0.027062594721701205
0.8345920087775757, 0.44526907176096076, 1.3982551824474778, 0.027062594721702356
0.8373546048176168, 0.41694289573290144, 1.333649126448683, 0.02706259472170365
0.8405164491334818, 0.38962155998994874, 1.2686300714226622, 0.027062594721705066
0.8440385943446106, 0.3632152247845561, 1.2032526308001819, 0.027062594721706607
0.8478879272471157, 0.337646459994142, 1.1375614027500234, 0.02706259472170826
0.852035280737857, 0.31284634523125804, 1.0715944146549858, 0.027062594721710003
0.8564558230433611, 0.2887554725214728, 1.0053827608292973, 0.027062594721711835
0.861127372391995, 0.26532035292063066, 0.9389534805998839, 0.027062594721713747
0.866030699945064, 0.24249414118247506, 0.8723291788537622, 0.027062594721715755
0.8711485905903315, 0.2202346080712686, 0.8055295859238839, 0.02706259472171785
0.8764658710628883, 0.1985042190135962, 0.7385715422855158, 0.027062594721720002
0.8819688599769314, 0.1772689300782961, 0.6714698827905697, 0.027062594721722222
0.8876454386087328, 0.15649835923523991, 0.6042373513873962, 0.02706259472172449
0.8934844761134778, 0.13616447542954874, 0.5368854332236574, 0.027062594721726833
0.8994761927440424, 0.11624246746136567, 0.469423899664511, 0.027062594721729224
0.9056113640760095, 0.09670886475573254, 0.40186184781088957, 0.02706259472173169
0.9118820046920589, 0.07754319736061549, 0.33420688699146356, 0.02706259472173421
0.9182804529641384, 0.058725782742063276, 0.26646624345303715, 0.027062594721736766
0.9247999205439195, 0.04023907919625613, 0.19864614020243923, 0.027062594721739358
0.9314340425586722, 0.022066583455154973, 0.13075231426213826, 0.027062594721742002
0.9381769697280762, 0.004193076911683242, 0.06278994655460313, 0.02706259472174469
0.9450236961919191, -0.013394557389072996, -0.005236691385821033, 0.027062594721747435
0.9519692945857873, -0.030709240804524234, -0.07332341266012957, 0.027062594721750214
0.9590088375452676, -0.0477638946920804, -0.14146603036931552, 0.02706259472175303
0.9661373977059464, -0.06457144040915197, -0.20966035761437413, 0.027062594721755876

Vessel: 5, Number of Points: 100

-0.36861414236955475, -0.023110867303399178, 0.17570573136729814, 0.038171110388166535
-0.40788346959084554, 0.01984120248215194, 0.18192861925672646, 0.03811479891883607
-0.44729717701545424, 0.062772459518468, 0.18726467965860402, 0.0381470435883331
-0.486761888164497, 0.1057022565470781, 0.19231745021156224, 0.03820767433333559
-0.5261513634938775, 0.1486371740717606, 0.19780320338606164, 0.03822496610087617
-0.5653566887885219, 0.19158422703672454, 0.20434671753061884, 0.03813641451824927
-0.6045130918360427, 0.2345817587713508, 0.211411761114348, 0.037996627921220556
-0.6440065228655097, 0.27739805360416975, 0.21573148956423158, 0.038128341482161196
-0.6841170100705792, 0.3201762052240297, 0.21651968642442723, 0.03861520831082206
-0.7238310125699352, 0.363182788828148, 0.2206149869780466, 0.03877487085080157
-0.7589028859949485, 0.40463104386131643, 0.2418862834237851, 0.0371968395282008
-0.7854158177477774, 0.44025690794918293, 0.2798185404662438, 0.03416526053019577
-0.8076046555051413, 0.4724117710726814, 0.32348095847660424, 0.0312787173766396
-0.8309208636615045, 0.5054720514326169, 0.3656683665221088, 0.02983341931973357
-0.8565902920096471, 0.5404651641143545, 0.4049643952397192, 0.029872438335516577
-0.8830878351417326, 0.5761123094869972, 0.4430693083399455, 0.03046409033707473
-0.9091593166515105, 0.6114335439600068, 0.48177113656949594, 0.030776799449559727
-0.9346347228249435, 0.6462777537512521, 0.5212988842296941, 0.030697464860782883
-0.9600099844852951, 0.6810115449777727, 0.5609852040409524, 0.030542433110443353
-0.9855474902491362, 0.7158493525069788, 0.6004767170186971, 0.030482278459633343
-1.01120040807731, 0.7508190363144251, 0.6397763482536492, 0.030512479774023618
-1.0368158476735994, 0.7858813659746423, 0.6790177807323678, 0.030565744175241258
-1.0623156855323965, 0.8210078870145139, 0.7182771309144625, 0.030604352453328824
-1.0877279587178486, 0.856171447276667, 0.7575600966582575, 0.030627444606938555
-1.1130894105716242, 0.8913458964496671, 0.7968661573209288, 0.030637439689363572
-1.1384373039260858, 0.9265050933130983, 0.836194604962185, 0.030636897562579996
-1.163808758089354, 0.9616229418761442, 0.875544797624741, 0.030628343108463907
-1.1892409593527855, 0.9966731930785172, 0.9149160283772108, 0.030614302657286693
-1.2147701652313245, 1.0316302197127982, 0.954307415819547, 0.030597301921335678
-1.2404368886972115, 1.066464282846813, 0.9937180944751051, 0.03057985605250444
-1.26626141467653, 1.1011633100967053, 1.0331459097799958, 0.030564524431724326
-1.292349174195665, 1.1356386257285445, 1.0725926572940196, 0.030553681282983816
-1.3185451345746426, 1.1700348153595141, 1.112049990816944, 0.030550186887833387
-1.3474561512172387, 1.202026823568351, 1.151617300953743, 0.030550116660906963
-1.3814887439899801, 1.2293200865966663, 1.1906409820108423, 0.030550120731533667
-1.4216163759500553, 1.250519598003213, 1.2276233818575741, 0.03055011952766449
-1.4685660143222306, 1.2634917962609824, 1.2600844805870233, 0.03055011987560071
-1.5217791566958443, 1.2657039141248407, 1.2844270886593523, 0.030550119777120716
-1.578038116507011, 1.2556556890160455, 1.2968576567834273, 0.03055011980451952
-1.6328364000720716, 1.2349542747060185, 1.296538250014832, 0.03055011979698945
-1.6832648911059185, 1.2072269634611208, 1.2858867552334345, 0.030550119799119337
-1.728663773809663, 1.17515838580388, 1.2675197039503052, 0.030550119798218606
-1.7695853078515542, 1.140647676684909, 1.243848171508707, 0.030550119799509525
-1.8067328996568122, 1.1047113952251746, 1.2163880633237119, 0.030550119796045373
-1.840514662125857, 1.067872453360613, 1.1859352553695985, 0.03055011980557196
-1.8715080678664096, 1.0305143460441852, 1.1532359737717852, 0.03055011978191666
-1.90010795804442, 0.9928541748253995, 1.118750582440905, 0.030550119828611586
-1.9265940863729003, 0.9550305709911668, 1.0827878384236829, 0.030550119794830823
-1.9511430518340562, 0.9171375302352672, 1.0455464517439819, 0.03055011946609075
-1.9738943283883328, 0.8792467310708312, 1.007178410423115, 0.03055012211978557
-1.995094832712161, 0.8414077157276788, 0.9678825185608064, 0.030550107850463918
-2.0149014416421265, 0.8036526151926993, 0.927785832016836, 0.03055017406544214
-2.0331959509703474, 0.7660309668352931, 0.886855835100288, 0.03054989015439448
-2.0502197132450775, 0.7285520936434704, 0.8452501693348674, 0.030551047041202293
-2.066001146803835, 0.6912427256257616, 0.803008550819774, 0.030546502972092167
-2.080510532266582, 0.6541351408524315, 0.7601376807259842, 0.030563841866379247
-2.0939730921923494, 0.6172154988536565, 0.7167666570368365, 0.03059676163545014
-2.106718017133998, 0.5804430041678716, 0.6730664227944163, 0.0315444792864592
-2.1189662526500244, 0.5438125244945788, 0.6291072292518963, 0.03291210353886783
-2.1309144034108485, 0.507327276482425, 0.5849376557699196, 0.03375639267178557
-2.1425845135126123, 0.47103269850798973, 0.5405306123911423, 0.03371792382965395
-2.153629880297263, 0.4350645134567022, 0.4956998158399824, 0.03363963396903677
-2.1638254598173883, 0.3995389367425311, 0.4503176576912686, 0.03367974135200084
-2.173000854824558, 0.36457094473302054, 0.40428903985043224, 0.03367372025767641
-2.1809208723082807, 0.33030598117162135, 0.3575035537492163, 0.033670278582906984
-2.1873383234738935, 0.29691254316297727, 0.30986459607753475, 0.03367277583635631
-2.191987527721644, 0.26458682527872807, 0.26129240626873573, 0.03367209977714237
-2.1945800464912866, 0.23355751166892075, 0.211729678657757, 0.03367207599622733
-2.1948130404468014, 0.20408826164127752, 0.16115624798689368, 0.03367218613320868
-2.1923812250900587, 0.17647417901196708, 0.10960249646317972, 0.033672135653429906
-2.1869947634458224, 0.15103240386726588, 0.057161251312775115, 0.03367214678204383
-2.1784026364494835, 0.1280869081729847, 0.003998095023915997, 0.033672147885339974
-2.1664244306694247, 0.10794220020184146, -0.049644082849211305, 0.03367214568140177
-2.1509769948814013, 0.09085060429966005, -0.1034597731625781, 0.033672146668983355
-2.132086718377472, 0.07698594576927811, -0.15710704402574038, 0.03367214646499997
-2.1098906974963394, 0.06642451700752977, -0.2102386065441552, 0.03367214641518215
-2.08462268708949, 0.05913490457081444, -0.2625414742562375, 0.0336721464764629
-2.0565750286867743, 0.05499779566199358, -0.3137625463860581, 0.03367214645623552
-2.0260706810976328, 0.05382746541450957, -0.36371541242947697, 0.033672146453601275
-1.9934331234095908, 0.055393199427546884, -0.4122906117866727, 0.03367214645894592
-1.958964620699626, 0.059450760468459464, -0.4594353914202556, 0.033672146457811226
-1.9229397740928211, 0.0657530728669282, -0.5051453716250445, 0.033672146456874115
-1.8855927026700714, 0.07406937175695466, -0.5494515856991444, 0.033672146457340735
-1.8471301511978748, 0.08418251435128263, -0.5924045320979869, 0.033672146457528855
-1.8077178035673278, 0.09590333182960506, -0.6340708712214826, 0.033672146457394164
-1.767502590993556, 0.10905685899711205, -0.6745221766585608, 0.03367214645734184
-1.7266010027077099, 0.12349630353299607, -0.7138291552147615, 0.03367214645737922
-1.6851171877660436, 0.13908614248206638, -0.7520624233212967, 0.03367214645739542
-1.6431316201650565, 0.1557114453667098, -0.7892942013290388, 0.03367214645739427
-1.6007100891806514, 0.1732734360410177, -0.8255918590899992, 0.0336721464574001
-1.5579117671101879, 0.19168323600906803, -0.8610160546259443, 0.03367214645740416
-1.5147852163821154, 0.21086366874769974, -0.8956238890557927, 0.03367214645740885
-1.4713716649929043, 0.23074689256376435, -0.9294678518363495, 0.03367214645741388
-1.4277061655394063, 0.25127308591235764, -0.9625962721499005, 0.033672146457419026
-1.3838186783431523, 0.2723892456071778, -0.9950536944206263, 0.03367214645742444
-1.3397348075523952, 0.29404846870160667, -1.026880963032109, 0.03367214645743005
-1.295476632263862, 0.3162089427355175, -1.0581156618544363, 0.033672146457435846
-1.2510632009313634, 0.3388334156370919, -1.088792253715634, 0.033672146457441814
-1.2065105117181705, 0.36188936177693437, -1.1189418242374642, 0.033672146457447955
-1.16183423838077, 0.3853447582588526, -1.1485950997575203, 0.033672146457454276

Vessel: 6, Number of Points: 100

-0.7445994124120731, 0.3870493701417862, 0.22976174770741048, 0.030038419735460238
-0.7784619394263612, 0.4209876876473585, 0.22299621479544512, 0.030038419735458857
-0.8123434516760317, 0.45484777744151117, 0.21593600168534116, 0.030038419735457494
-0.8462430642908751, 0.48862380215317436, 0.2085664783640383, 0.030038419735456155
-0.8801598924006818, 0.5223099244112781, 0.2008730148184765, 0.030038419735454826
-0.9140930511341931, 0.5559003068418091, 0.19284098103014502, 0.03003841973545353
-0.9480415388237359, 0.5893887843091347, 0.1844551401093006, 0.03003841973545227
-0.9820039154252624, 0.6227679614776238, 0.1756979773736029, 0.030038419735451027
-1.015978597608934, 0.6560300538826668, 0.1665512724206, 0.030038419735449812
-1.0499635765173752, 0.6891662193299559, 0.15699500182341278, 0.030038419735448622
-1.083956570183438, 0.7221669399738985, 0.1470079945638787, 0.030038419735447453
-1.1179548089904656, 0.7550215702615648, 0.13656726593089505, 0.030038419735446326
-1.1519549928578476, 0.7877182404497334, 0.12564786584077375, 0.030038419735445236
-1.1859532544284705, 0.8202438686675262, 0.11422303262228836, 0.030038419735444175
-1.2199449153416029, 0.8525836485295502, 0.10226343979315074, 0.030038419735443155
-1.253924526343658, 0.8847212379061771, 0.0897376324121552, 0.030038419735442176
-1.2878855016343669, 0.9166380482603044, 0.07661107067335818, 0.03003841973544124
-1.321820084496816, 0.9483133153966917, 0.0628464514106089, 0.030038419735440327
-1.3557190216816968, 0.9797235230408978, 0.04840302518495456, 0.030038419735439477
-1.3895711767592076, 1.0108418875317613, 0.033236291307891914, 0.030038419735438665
-1.423363485244095, 1.0416383344129352, 0.0172980713129305, 0.030038419735437902
-1.4570799271823434, 1.0720779845717336, 0.0005352661588367367, 0.030038419735437197
-1.4907017263970952, 1.102121632760554, -0.017109349610686327, 0.030038419735436545
-1.5242059919950222, 1.1317238202180466, -0.035698548866289787, 0.030038419735435945
-1.557565240955523, 1.1608324185622703, -0.055300369955552854, 0.03003841973543543
-1.590746649129421, 1.1893878099879087, -0.07598817380724103, 0.030038419735435057
-1.6237101445201294, 1.2173206933602705, -0.09784110918109726, 0.0300384197354344
-1.6564080474700476, 1.2445517733949185, -0.12094389183373784, 0.030038419735434654
-1.6887821350857117, 1.2709892129311553, -0.14538503831791583, 0.030038419735434297
-1.7207624033717295, 1.2965274850526913, -0.1712563412308627, 0.03003841973543137
-1.7522745633993217, 1.32105362768572, -0.19865813057276754, 0.03003841973545019
-1.7832161653761436, 1.3444279748808974, -0.22768056366041767, 0.030038419735460658
-1.8134682573223324, 1.366495823084067, -0.2584060097931265, 0.03003841973539908
-1.842897282605048, 1.387091539442043, -0.29090282974396375, 0.030038419735335057
-1.871350265724676, 1.4060350495395555, -0.3252204875985251, 0.030038419735514493
-1.8986649872191614, 1.4231451285003658, -0.3613823313399721, 0.030038419735772807
-1.9246639301463615, 1.4382404238963826, -0.3993631775654441, 0.03003841973513781
-1.9491726658512734, 1.4511551551202369, -0.4391011428182098, 0.030038419734293605
-1.9720265295213364, 1.4617540580869592, -0.4804742893244894, 0.030038419737076685
-1.9930856095658867, 1.4699412447382962, -0.5233220543921641, 0.030038419739076637
-2.0122457224093213, 1.4756742942001038, -0.5674381956671541, 0.030038419726194355
-2.029449583206138, 1.4789671808170572, -0.6125977510099504, 0.03003841972676584
-2.0446846867148882, 1.4798855834364548, -0.6585642925948401, 0.030038419781858165
-2.0579901076254705, 1.4785454956226514, -0.7051158284755364, 0.030038419734671452
-2.0694380479112544, 1.4750928299345412, -0.7520468024268617, 0.030038419533526563
-2.079136256464465, 1.4696991860629296, -0.7991884844381221, 0.0300384199113213
-2.087207725656791, 1.4625435245934912, -0.8463988742243744, 0.030038420505003913
-2.0937891475490567, 1.4538068398266935, -0.8935737057986946, 0.030038418419606645
-2.099018865582729, 1.4436634022580153, -0.9406340714005639, 0.030038417102072487
-2.1030347614893885, 1.4322779232125658, -0.9875281436468742, 0.03003842669429456
-2.10596849292675, 1.4198020273058463, -1.0342234860197466, 0.030038428122150695
-2.107945720107044, 1.4063755796303947, -1.0807037302671165, 0.030038388203511953
-2.1090835135386423, 1.3921246710701254, -1.1269656252271618, 0.030038393553137834
-2.10949244134096, 1.3771654983019648, -1.1730146182447436, 0.03003855094036256
-2.109272184041106, 1.3616009633244666, -1.2188634829234244, 0.030038505178786142
-2.108516932079124, 1.3455266019641474, -1.2645294675082404, 0.030037901668080128
-2.1073204969115147, 1.3290324776352194, -1.3100360905585402, 0.03003811419401444
-2.1057721521267236, 1.3122033054599789, -1.3554089864839642, 0.030040394208153534
-2.103930000512335, 1.2951030700830912, -1.4006689353763202, 0.03003961141859547
-2.101851308531512, 1.277793562883071, -1.4458383050131887, 0.03003108256151035
-2.0996857543805376, 1.260386043168679, -1.4909664442277797, 0.030033571870703428
-2.097517704422633, 1.2429545441181267, -1.536085680562979, 0.030050191426579713
-2.09469546241465, 1.2251614832811182, -1.5810255272007407, 0.02991453477794155
-2.0909469424165934, 1.2068651386518856, -1.6257018521069644, 0.02964161553781309
-2.0863726993641847, 1.1881236969517879, -1.6701237860002838, 0.02938078023463755
-2.0810534221263035, 1.1689852285766644, -1.7142927285362966, 0.029274953969010063
-2.0745618967563852, 1.1492376111680476, -1.7580203109980745, 0.02930081165700109
-2.0659792852401893, 1.1284295365745385, -1.8008974678974132, 0.02930665114798163
-2.0544069756046386, 1.1061831606726484, -1.842338596267137, 0.02930057309405051
-2.0386018187262094, 1.0820706352054505, -1.881265874943996, 0.029302382667803537
-2.016871482845956, 1.0557184944857505, -1.9156247117247638, 0.02930215160201316
-1.9876631496521675, 1.027354261171069, -1.9419226011608721, 0.02930211377711453
-1.9513999772655524, 0.9986489248916245, -1.956227736308901, 0.029302141951774437
-1.9110953106581559, 0.9718720479580766, -1.9576776014282884, 0.02930213409865348
-1.869808326873449, 0.9480755913294245, -1.9489250012275265, 0.0293021381040535
-1.8290211674623946, 0.9271081844747163, -1.9331179771077796, 0.029302135451082813
-1.789291680938592, 0.9084788701031022, -1.912664345861103, 0.029302135984558924
-1.7505615737063631, 0.8916543838624358, -1.8889597958416955, 0.02930213600248495
-1.7127497538924885, 0.8762617225135358, -1.8629065415497106, 0.02930213586431104
-1.675755483951933, 0.8620265597002001, -1.8350926554127005, 0.029302135922482354
-1.6394673179396466, 0.8487342010377742, -1.8059185058742404, 0.02930213593931447
-1.603796843002006, 0.8362326434132381, -1.775650091857401, 0.029302135920712888
-1.5686669270489846, 0.8243967431211433, -1.744498436670539, 0.029302135916653982
-1.534017691138978, 0.813137537617935, -1.7126042859240456, 0.029302135921616835
-1.4997941373848322, 0.802376151792503, -1.680088921597422, 0.02930213592238168
-1.465950490328494, 0.7920518015377125, -1.6470395797254853, 0.029302135921854065
-1.4324487992733095, 0.7821151371666435, -1.6135256421161353, 0.029302135922081682
-1.3992566659754726, 0.7725242768037088, -1.579605641784145, 0.029302135922027458
-1.3663461583157623, 0.7632443095481681, -1.5453266683272129, 0.029302135922018732
-1.333693223025575, 0.7542456828036164, -1.5107278340498964, 0.029302135922033592
-1.3012768446868623, 0.7455029901798346, -1.475842145396985, 0.02930213592202876
-1.2690784891264792, 0.7369941728929282, -1.440697731358843, 0.029302135922028006
-1.237081994182982, 0.7287002654956867, -1.4053183594249519, 0.029302135922029515
-1.2052729006517244, 0.7206044809831781, -1.369724785227095, 0.029302135922029435
-1.1736383751734496, 0.712692091509211, -1.3339349470868398, 0.029302135922029304
-1.1421669340550258, 0.7049500444151231, -1.2979645409214986, 0.029302135922029543
-1.1108481090536155, 0.6973665359532781, -1.2618276077996553, 0.02930213592202972
-1.0796729234291016, 0.6899315588743951, -1.225535864972561, 0.02930213592202981
-1.0486329123152038, 0.6826357223549673, -1.189100232512458, 0.029302135922029904
-1.0177196113337654, 0.6754696361593133, -1.1525316297313968, 0.02930213592203009

Vessel: 7, Number of Points: 100

-0.6842914351873569, -0.3564708905035987, -0.12980533222355273, 0.029584352026039547
-0.6480667212073172, -0.34595658012976627, -0.1678361475473031, 0.029584352026041035
-0.6118990111045134, -0.33531409483681573, -0.20588590966592077, 0.029584352026042503
-0.575791117299597, -0.3245380756672497, -0.24395502805096933, 0.02958435202604397
-0.5397458522132189, -0.31362316366357057, -0.2820439121740122, 0.029584352026045417
-0.5037660282660308, -0.30256399986828053, -0.3201529715066128, 0.02958435202604686
-0.46785445787868374, -0.291355225323882, -0.3582826155203346, 0.02958435202604827
-0.43201395369791623, -0.2799914806947985, -0.3964332536909541, 0.029584352026049674
-0.3962475388278588, -0.26846705470345006, -0.4346052994160625, 0.02958435202605105
-0.36055883682166046, -0.2567752319581804, -0.47279917728245124, 0.029584352026052408
-0.3249515776174421, -0.24490911916272326, -0.511015313859366, 0.02958435202605376
-0.2894296105596974, -0.23286163108475566, -0.5492541337250164, 0.029584352026055086
-0.2539973940247187, -0.22062470352274755, -0.5875160513023436, 0.02958435202605639
-0.2186595800650473, -0.20818996095631118, -0.6258014777848442, 0.029584352026057675
-0.18342096873241623, -0.19554879673657505, -0.664110818213269, 0.029584352026058924
-0.1482871976443199, -0.18269129621963517, -0.702444442797, 0.029584352026060155
-0.11326419888457533, -0.16960708490458234, -0.7408027094996122, 0.029584352026061373
-0.0783581874357547, -0.1562853625953446, -0.7791859557558315, 0.029584352026062556
-0.04357648454296979, -0.14271366450678338, -0.8175944386839393, 0.02958435202606372
-0.008926690342155664, -0.12887910667071395, -0.8560283949022546, 0.029584352026064856
0.025582854777954155, -0.11476773301914756, -0.8944879845516821, 0.02958435202606596
0.05994249189191499, -0.1003636778622025, -0.9329732315517218, 0.029584352026067042
0.09414225487559508, -0.08565064081320908, -0.9714841225225148, 0.02958435202606809
0.12817043878630024, -0.07060990698558547, -1.0100204079224333, 0.029584352026069103
0.16201431215105783, -0.055221336884513576, -1.048581698343949, 0.02958435202607008
0.1956598318084278, -0.039463050321704905, -1.0871673822928174, 0.029584352026071018
0.22909057599864355, -0.023310011980623137, -1.1257764447715006, 0.029584352026071917
0.2622890349486113, -0.006735797690964322, -1.1644076566176222, 0.029584352026072784
0.29523414179446805, 0.010290503191772379, -1.203059058998576, 0.029584352026073613
0.32790320950442625, 0.02780179895226345, -1.2417283357777287, 0.02958435202607439
0.36026891149622003, 0.04583653307876302, -1.280412046756139, 0.0295843520260751
0.39230112540082546, 0.06443642384814387, -1.3191060413189393, 0.029584352026075737
0.4239634404084374, 0.08365023644239049, -1.3578043973009783, 0.02958435202607636
0.4552149419764425, 0.10353165871926595, -1.3964998561114914, 0.029584352026076986
0.4860056611696741, 0.12414384554879028, -1.4351822384714277, 0.0295843520260774
0.5162781091357932, 0.14555743674536967, -1.473838733772537, 0.029584352026077627
0.5459618835962258, 0.1678554449636207, -1.5124517511859619, 0.02958435202607857
0.5749724642975419, 0.19113352431481243, -1.5509979916563696, 0.029584352026078613
0.6032073420674953, 0.21550264363192392, -1.5894464511292115, 0.029584352026076215
0.6305378763710535, 0.24109372575639185, -1.627753684719607, 0.02958435202608412
0.6568052748300034, 0.2680601037550818, -1.6658615584068848, 0.029584352026073207
0.6818077500046038, 0.2965807855748167, -1.7036875724918334, 0.02958435202606708
0.7052853153543137, 0.3268644476886996, -1.741113476499247, 0.02958435202615181
0.726924498762744, 0.35916267306131555, -1.7779966802309903, 0.029584352025561284
0.746268680494753, 0.39374974765537096, -1.8140792906364824, 0.029584352025549203
0.7627756595085581, 0.4309012936143041, -1.849027818097718, 0.029584352027940568
0.7757306818071186, 0.47085183559668026, -1.8823325094864276, 0.029584352026825595
0.7842997996610381, 0.5137563693232232, -1.913334011637829, 0.029584352018562708
0.7875808465152593, 0.5594695216115125, -1.9411485964471138, 0.029584352036875407
0.7848285837259745, 0.6074916894902166, -1.9648396290912151, 0.02958435203738673
0.7756929950958382, 0.6568819829361721, -1.983582688313865, 0.02958435193912542
0.7604693621964784, 0.7064928572524679, -1.9970163371397753, 0.029584352247787764
0.7399292398810001, 0.755313472144924, -2.005278320678029, 0.02958435191327158
0.7150970481961749, 0.8026652947212586, -2.008912822191734, 0.02958435085082641
0.686950430138984, 0.8482652038846851, -2.0086375963491876, 0.02958435615999719
0.6562932062859111, 0.8920749369721184, -2.0051486649688792, 0.029584350143687724
0.6237544161959643, 0.9342007502981697, -1.9990648742813615, 0.029584331124837958
0.5897861715599355, 0.9748152386767723, -1.9908835008801469, 0.029584397211609836
0.5547313494232076, 1.014104065960359, -1.9810112761706142, 0.02958441047919049
0.5188410236680296, 1.0522519122274712, -1.9697723623522538, 0.029584076121425676
0.48230066943159466, 1.089425964230643, -1.9574240998763528, 0.02958427614131444
0.44525640531948507, 1.1257815418057908, -1.9441819835462397, 0.029585613964150378
0.4078212829710637, 1.161461636711486, -1.9302206382460632, 0.02958413612953151
0.3700878931274496, 1.1965953203018063, -1.91569223580431, 0.029579182576011963
0.3321131862439235, 1.2312766413922778, -1.9007147713044998, 0.029586373382905866
0.2939616638244881, 1.2656155391384838, -1.885404412039167, 0.029604524055256338
0.25574122178602154, 1.299788709257137, -1.8698931129054877, 0.029574599538904393
0.21749106703437515, 1.3338785772027884, -1.854272043306644, 0.029507657815750533
0.1790503091493051, 1.3676895519797665, -1.8385180873346083, 0.029624997646758352
0.14027660165003, 1.4010296468603365, -1.8225765260711384, 0.03003048335648606
0.10115608115468858, 1.4338294753127607, -1.8063595608572798, 0.030445839341991365
0.061674882277398715, 1.4660041692575672, -1.7897608907072715, 0.030570392513870722
0.021594663699863712, 1.497079943208923, -1.772523639608389, 0.030518678181013975
-0.01941222958155845, 1.5263452093481196, -1.7543122469247712, 0.03052363465194719
-0.06156082191549324, 1.5530626088705894, -1.7348192421963258, 0.030528909634242832
-0.10502101143492024, 1.5762166865251368, -1.7137062868870543, 0.03052585127241379
-0.14981058097178054, 1.5944840191896128, -1.690659174839924, 0.03052668759355339
-0.19562942012092088, 1.6062891873404188, -1.6654970470956172, 0.030526607460872466
-0.2416862130641947, 1.6100488727328104, -1.6383368226144326, 0.030526552331347517
-0.2867067477037368, 1.604794392682902, -1.6097307488430872, 0.03052659375076761
-0.32938159822995694, 1.5906899426447936, -1.5805134359586885, 0.030526576524327897
-0.36883409917348126, 1.5688787377886364, -1.5514817010985917, 0.030526580119008134
-0.40480337487980234, 1.5409839348438925, -1.5231681874243574, 0.030526581589269478
-0.4374739841532979, 1.5084718903424157, -1.4957983675978963, 0.030526580235193758
-0.4672045023602338, 1.4725504140677053, -1.4694322660996721, 0.03052658048734984
-0.4944188479535434, 1.4340464866016323, -1.4440024192214231, 0.03052658049830326
-0.5194804559679378, 1.3935734946373508, -1.419428966600183, 0.03052658043870049
-0.542697572997156, 1.3515711938186172, -1.3956256344588358, 0.030526580466940803
-0.5643330586808314, 1.3083615349995215, -1.372506630965023, 0.03052658046873207
-0.5845972950960546, 1.2641757007087207, -1.3499971889558005, 0.03052658046124679
-0.6036668811471905, 1.2191934112309837, -1.3280312443699855, 0.030526580462085725
-0.6216864511796579, 1.1735480403321015, -1.3065515080130663, 0.030526580464032428
-0.6387767939487348, 1.127346021390142, -1.2855089953029757, 0.03052658046377919
-0.6550368263711343, 1.080669648226023, -1.26486247039157, 0.03052658046329965
-0.6705548866131988, 1.0335879781199626, -1.2445740856872198, 0.03052658046339502
-0.6854027427658448, 0.9861516163191446, -1.224611826264618, 0.03052658046337813
-0.6996430050900136, 0.9384054232498237, -1.204947926543313, 0.030526580463375835
-0.7133297427804951, 0.8903861981468693, -1.185557961394339, 0.03052658046338129
-0.726508895478994, 0.8421238794529524, -1.1664208722437128, 0.03052658046337789
-0.7392229472210994, 0.7936456541371977, -1.1475170694971482, 0.030526580463380044

Vessel: 8, Number of Points: 100

-1.635708645393183, -0.8831791491458685, 0.6674024969158323, 0.02494051739319731
-1.6251180078870964, -0.9114505751804327, 0.6553981895352519, 0.024940517393196967
-1.6145420809506923, -0.9397480022885316, 0.6434421264336615, 0.024940517393196606
-1.6039816600841064, -0.9680726212724872, 0.6315368123928471, 0.024940517393196245
-1.593437540787475, -0.9964256229346219, 0.6196847521945946, 0.024940517393195877
-1.582910518560934, -1.0248081980772576, 0.6078884506206895, 0.02494051739319552
-1.5724013889046204, -1.0532215375027176, 0.5961504124529182, 0.024940517393195194
-1.561910986213997, -1.081666882191899, 0.5844732610512401, 0.02494051739319489
-1.5514403181699614, -1.1101456966799659, 0.572860148061964, 0.02494051739319457
-1.5409904409162731, -1.138659508009622, 0.5613143728708293, 0.024940517393194195
-1.530562480379928, -1.1672099288594826, 0.549839445484312, 0.024940517393193782
-1.5201577310076206, -1.1957987787102182, 0.5384393845372504, 0.024940517393193473
-1.5097775211120061, -1.2244279181864333, 0.5271183106782923, 0.024940517393193418
-1.499423361570526, -1.2530994234633652, 0.5158808914704677, 0.02494051739319336
-1.48909693394053, -1.2818155722345892, 0.5047323057872981, 0.02494051739319264
-1.4788000122785547, -1.3105787465207466, 0.4936780072419508, 0.024940517393191204
-1.4685346921278617, -1.3393916896432638, 0.48272440369633407, 0.024940517393191187
-1.4583031751544264, -1.368257262229335, 0.47187821706190614, 0.02494051739319459
-1.4481080342608308, -1.397178718627607, 0.46114725980644455, 0.024940517393195787
-1.4379520988926306, -1.4261595846586876, 0.4505400977317923, 0.02494051739318482
-1.4278385827573459, -1.4552037737159738, 0.44006641580412503, 0.02494051739317545
-1.4177711633742915, -1.4843156659496144, 0.42973724933463414, 0.02494051739320863
-1.407754004081928, -1.5135000849829714, 0.4195650260779798, 0.024940517393243565
-1.3977919905032459, -1.5427625100009208, 0.40956424216238757, 0.024940517393118172
-1.3878906874651848, -1.5721090495937509, 0.39975134498288284, 0.024940517393023515
-1.3780566033903303, -1.601546667780413, 0.3901454835831395, 0.02494051739357255
-1.368297713927254, -1.6310832679755871, 0.3807698188919175, 0.024940517393519313
-1.3586234336604677, -1.6607278059123998, 0.3716515097479724, 0.024940517391244605
-1.3490441950711718, -1.6904909575897569, 0.3628210150980974, 0.024940517395077234
-1.3395736189530392, -1.7203852043074044, 0.3543173976375279, 0.0249405174075641
-1.3302313804911203, -1.7504253621529862, 0.3461955291666084, 0.024940517408992023
-1.3210380954602545, -1.7806266286116137, 0.3385127465664605, 0.0249405173775609
-1.31202200596493, -1.8110081688483404, 0.33134679703042225, 0.02494051733772389
-1.3032227154377833, -1.841595058881258, 0.32480583402395696, 0.024940517382839977
-1.294688766074949, -1.872413146997452, 0.3190200579662879, 0.024940517536761565
-1.2865095796757327, -1.9034897647820201, 0.31421950567440143, 0.024940517440116803
-1.2787979014064865, -1.9348530264873098, 0.31069114365732375, 0.02494051695217561
-1.2717252157545653, -1.9665322593980437, 0.30886494776587237, 0.024940517816202972
-1.26564957257543, -1.9984742064678827, 0.3095833061598153, 0.02494051939224268
-1.2612879643650177, -2.030429014714843, 0.3144638296080062, 0.024940515041639258
-1.2601432976702127, -2.060659209122167, 0.3263101658296809, 0.0249405192102472
-1.2647113848932063, -2.0836590881106507, 0.3485107990547418, 0.024940492800997995
-1.2748301418968895, -2.0933514903421577, 0.3777333263262347, 0.024940683599288086
-1.2873700211176111, -2.0927349699768203, 0.40784001390586283, 0.024939911309684155
-1.3005943704100558, -2.086561581446969, 0.43691855608987534, 0.024938976716729302
-1.3140620586357628, -2.0771666805209086, 0.4650289347903823, 0.02494341090815279
-1.3275718077355325, -2.0659630059993592, 0.4923664240361124, 0.024944629784062464
-1.3411004840927836, -2.05349914069725, 0.5191402489778761, 0.02492386670109546
-1.3546331874127076, -2.0401432151737744, 0.5454923920820933, 0.024924955580302933
-1.3681558972877177, -2.026175783491093, 0.5715246297252419, 0.025007909531188227
-1.3816696279739933, -2.0118274750310783, 0.5973507831406085, 0.025016275736736177
-1.3951828171127658, -1.9972903530945239, 0.6230839313995449, 0.024721026472615835
-1.408689432497737, -1.9825982632324137, 0.6487263836777672, 0.024589798506792042
-1.4221721161832264, -1.9676702305317368, 0.6742011285042223, 0.02557525254574822
-1.4355978074861266, -1.952486595895852, 0.6995112929889665, 0.027705872525937265
-1.4489159777462255, -1.9371001534322956, 0.7247528111034129, 0.029951340192799755
-1.4620745670910769, -1.921566139269111, 0.7500253676564897, 0.03124032802618854
-1.4749922433226088, -1.9058681845841567, 0.7753676792367502, 0.031285102580168894
-1.4875455944100173, -1.8898869899139608, 0.8007308223445171, 0.030924287735277924
-1.4996079592596223, -1.8735059494377684, 0.8260695692987681, 0.03083950206762169
-1.5110527136022853, -1.8566426006772299, 0.8513722513548573, 0.03093062411070488
-1.5217484443287455, -1.839219355093512, 0.8766292894675476, 0.030973257790393453
-1.5315319943781887, -1.8211457739126629, 0.9018005987458646, 0.030953288768516003
-1.5402251958120667, -1.8023271087789985, 0.926831519912966, 0.03093773072833242
-1.5476243029692653, -1.7826796144026793, 0.9516410129079473, 0.030941735601504473
-1.5535080574254574, -1.7621283405058616, 0.9761286203873007, 0.030946549707247976
-1.5576442887496038, -1.7406265611564, 1.0001569723861399, 0.030945753486748898
-1.5597925865991706, -1.7181547472481569, 1.0235549603724967, 0.03094438079180558
-1.559743156536239, -1.6947456586763605, 1.0461253592529842, 0.030944547921090828
-1.5573211316622577, -1.6704872544326812, 1.067645460370059, 0.03094493248427671
-1.5524322932764956, -1.6455178978702414, 1.0879073979876277, 0.03094490072738972
-1.5450747073277626, -1.6200308767653433, 1.1067229340496232, 0.03094478851175075
-1.5353259973546796, -1.5942267343798824, 1.1239595591769962, 0.030944788311383375
-1.523366162604297, -1.5683117297879925, 1.139559980551878, 0.030944822886666567
-1.5093995429681368, -1.5424682043744775, 1.1535091952005267, 0.030944829158173794
-1.4936683940212936, -1.516823997019787, 1.1658747274639305, 0.030944819517144846
-1.4764155885048738, -1.4914920699982601, 1.1767389559929509, 0.030944814117101878
-1.457851708478791, -1.4665321797708843, 1.1862101908004958, 0.030944815366459343
-1.438173307281946, -1.4419809874230372, 1.194407988540818, 0.0309448179775536
-1.4175599501383773, -1.417863690978384, 1.2014495835624066, 0.03094481835010183
-1.3961435889025928, -1.394173519414964, 1.2074455478002075, 0.030944817715443818
-1.3740405523772947, -1.3708975680968953, 1.212500059852653, 0.030944817574073583
-1.3513457977883723, -1.3480213080127827, 1.2167020177519778, 0.030944817750301123
-1.3281465246857782, -1.325529270485029, 1.2201351108764482, 0.03094481783306493
-1.3045081947659227, -1.3034023718982872, 1.222869381646302, 0.030944817798269592
-1.2804884056873147, -1.2816202971893578, 1.2249698617532796, 0.030944817754656618
-1.2561357329813183, -1.260163585405717, 1.226493644815005, 0.03094481775084742
-1.2314882424441644, -1.2390137728861819, 1.22748857523962, 0.030944817765209985
-1.20658247222922, -1.2181526522929293, 1.2280010454577535, 0.03094481777428924
-1.1814466015913085, -1.1975638059389437, 1.2280691291359866, 0.030944817773814512
-1.1561044071897864, -1.1772317587384993, 1.227726518484099, 0.030944817769619472
-1.130578983752317, -1.157141277464124, 1.2270061344734102, 0.030944817767077817
-1.1048881564052946, -1.137279043301925, 1.2259348944494097, 0.03094481776704823
-1.0790471678779676, -1.1176326756069417, 1.224536773647659, 0.030944817768176834
-1.053071124220149, -1.0981898681465943, 1.2228355676738112, 0.030944817769129055
-1.0269723850056105, -1.0789398841034625, 1.2208513909801662, 0.0309448177693674
-1.0007605574126288, -1.0598735594578281, 1.2186006689317204, 0.03094481776915316
-0.9744451284858298, -1.0409817988377859, 1.2160996658760832, 0.03094481776878248
-0.9480355852698397, -1.0222555068714294, 1.213364646160865, 0.030944817768551507
-0.9215414148092839, -1.0036855881868534, 1.2104118741336753, 0.030944817768756384

