Vessel: 0, Number of Points: 100

-2.0000000000000004, -1.0000000000000004, 1.0000000000000002, 0.04841520650134782
-1.9399308506235167, -0.969349164685589, 0.9524580055407634, 0.047918961121485054
-1.8806844180237792, -0.9398698893496855, 0.903176446612834, 0.04772319375622161
-1.8220832643629241, -0.9112842786598121, 0.8526107080799948, 0.04775324645260177
-1.7639481217084494, -0.8833294112907105, 0.80116413721208, 0.04794066065572115
-1.7060994346355436, -0.8557576497339463, 0.7491907825212752, 0.0482230034872396
-1.6483586497697587, -0.8283290874130348, 0.6970225261599283, 0.04854067074595062
-1.590547889060907, -0.8008076695717388, 0.6449806312792534, 0.04883543394243061
-1.5324892494835898, -0.7729556555322924, 0.5933916622055528, 0.04904841074868396
-1.4740002069612523, -0.7445221801386894, 0.5426127650639874, 0.04911647453007388
-1.414914483784876, -0.7152693433757157, 0.49299907613014954, 0.048978459744246514
-1.3550137256603232, -0.6848598644065512, 0.4450960562121608, 0.048544326066091936
-1.2942889756632912, -0.6532417595997313, 0.3990473969957829, 0.04779547971690838
-1.2332786308084995, -0.6211908247577664, 0.35368572983530266, 0.046932112985891394
-1.1729172434575514, -0.5901128308073658, 0.30679665432591097, 0.04632482991754526
-1.1141395866807495, -0.5612860464640329, 0.25657177348216614, 0.04629442535488685
-1.0578154916171476, -0.5357037959896993, 0.20195210334835276, 0.047062515879243275
-1.0048037596651662, -0.5141354078146662, 0.14256424510503055, 0.048766504570294376
-0.9544995998555335, -0.4956754335217026, 0.07982792825604505, 0.051165111188459116
-0.9048626069894824, -0.47792993577354076, 0.01642965403923496, 0.05371970292281049
-0.8532586973730639, -0.4579821535004559, -0.04471367226752216, 0.05579162205308134
-0.796432943677916, -0.43192684464240416, -0.09903641657727817, 0.05643678207828809
-0.7319612792545718, -0.3934906045080639, -0.13245395346164832, 0.053795802883185535
-0.6685866964544476, -0.3426911888101957, -0.12397464691988433, 0.04669548521478423
-0.6128642524959174, -0.2903214991708566, -0.09333886982527365, 0.043573055035785756
-0.5570377354498807, -0.23684653687354323, -0.0638363294418355, 0.04564102050038369
-0.48510372086411835, -0.20795766599163087, -0.061141805296598975, 0.028401712477495296
-0.405337146517181, -0.18936576070629507, -0.0701538220533685, 0.027033155441504263
-0.32563588362382695, -0.16967626763029578, -0.07836724683254587, 0.027059881508724053
-0.24596840503610223, -0.14984740533920327, -0.08660009391833129, 0.027046867052946913
-0.1657782458841802, -0.13184648523605177, -0.09414242575915856, 0.026963742250321002
-0.08418996202147588, -0.13773829843356805, -0.09630290292588556, 0.02696658945033037
-0.01974593581280605, -0.18824676416857533, -0.094334368161408, 0.02696684577371885
0.022830172626187948, -0.2588435672182417, -0.09366010939337023, 0.026966814217988105
0.054587009190833424, -0.33496602030436007, -0.0951012923431252, 0.02696680791015572
0.08089281296280901, -0.4130959334956494, -0.09839468779848572, 0.026966808382300308
0.10427492060802558, -0.4920729343980161, -0.10323779983546522, 0.026966808504791637
0.12596295156413714, -0.5714387614855595, -0.10944323453120765, 0.026966808499611885
0.1466908738767467, -0.6509557467280725, -0.11687790220755506, 0.026966808491409675
0.16692840762410596, -0.7304835161161249, -0.1254609650099494, 0.026966808408141262
0.18701194762965245, -0.8099264411489363, -0.13512410095624539, 0.02696680865905758
0.20719000079811573, -0.8892129472046427, -0.14581978533165532, 0.02696681338492778
0.22765611002024946, -0.9682841502690572, -0.15751530996278704, 0.02696680372125144
0.24860328444305083, -1.047069300736615, -0.17024326996662975, 0.026966539485498205
0.27018330231929566, -1.1255130431335636, -0.1839823283804727, 0.02696683476471534
0.29254064374000593, -1.2035529186958682, -0.19873957003770745, 0.02698142080124488
0.3158691150217513, -1.2810918148062669, -0.21458476318788383, 0.02721234471566469
0.3403619862515674, -1.3580227929513466, -0.23157641518185004, 0.028093571946582404
0.36620580278236925, -1.4342406578598315, -0.2497631166177261, 0.028019928914611178
0.3936744537222009, -1.5095591645198907, -0.26926404002909643, 0.028021522981694108
0.42309996530359645, -1.583737388839253, -0.29022349575200274, 0.02802302800056758
0.4548974668643022, -1.656439205962335, -0.3128243460730083, 0.02802294128783677
0.4897480278987978, -1.7270704552749663, -0.33738982916650223, 0.02802291207584004
0.5284406496098616, -1.7947999096207798, -0.3642571300516035, 0.028022914905186578
0.572471494307461, -1.8578578249013105, -0.3940804229442823, 0.028022915438819202
0.6241473447913602, -1.9125879077374561, -0.4277202307372134, 0.028022915364146847
0.6868966221101662, -1.9497934915358681, -0.46592782928542315, 0.02802291531636197
0.7586350093702235, -1.9462733429407573, -0.5042416905950687, 0.028022915093403215
0.816470563809569, -1.893493137181362, -0.5276032604978846, 0.028022914496588877
0.8509958923545851, -1.8189922280368862, -0.5333737594681902, 0.028022940901115328
0.8684867599395238, -1.7386896635412714, -0.5268112997082247, 0.028024827959656554
0.882771908733692, -1.6579161810449965, -0.517907606037208, 0.028045749522311543
0.8966030419553938, -1.577098679448353, -0.5086652817722098, 0.02808303515811751
0.9101039974538363, -1.4962552339955946, -0.4991781628974311, 0.028128490236330437
0.923335835972367, -1.415390648246517, -0.4894940691888868, 0.02817382976630407
0.9363747074806268, -1.334511364804255, -0.4796715194020225, 0.02821079327600849
0.9492976721162725, -1.2536231575507237, -0.4697694995597934, 0.02823112021550814
0.9621815221610671, -1.1727312549060005, -0.45984668778967946, 0.028226544287431286
0.97510309229852, -1.0918407415635316, -0.44996175958017665, 0.028188796487701118
0.9881393114812351, -1.0109569058446937, -0.4401735189942752, 0.02810956586170521
1.0013660066315209, -0.930085514946304, -0.4305398730734534, 0.02798123944140799
1.0147495602193597, -0.849226823371339, -0.4210164628160066, 0.02786751057530017
1.0280641416937495, -0.7683702911275726, -0.4113789726260175, 0.027957578530310695
1.0411395254008124, -0.6875085768859818, -0.40146902196170603, 0.028361139705715927
1.0543355327005746, -0.6066464981146553, -0.3917163196738063, 0.02854254516115671
1.0682875997450043, -0.5258149511677385, -0.38286313601728444, 0.027623969552264923
1.0826421305049918, -0.44500948588965117, -0.37448553517341115, 0.026137081908567377
1.0953187650343505, -0.36415457936915174, -0.36412081401157576, 0.027079011203490818
1.1048712102944973, -0.28361794046214994, -0.3501895988202906, 0.0329180485601533
1.1160821740621907, -0.20316938913489743, -0.3382334185006833, 0.041854248234916694
1.1377273533989931, -0.12403387212097758, -0.33893296646803595, 0.04994803878829859
1.1746873783146257, -0.053332388074176146, -0.360238410084335, 0.05355718798348135
1.2199108706593675, 0.006730914033534116, -0.39456241422191674, 0.0536567670908309
1.2683872046223814, 0.05992620869485933, -0.43484775868488734, 0.051942543078390774
1.3177302509700934, 0.11102313956989064, -0.47680527004486856, 0.04969783067121474
1.3663961946996623, 0.16377508799664095, -0.5174515282062462, 0.047869019889958835
1.4133383943266324, 0.22038576821285102, -0.5548703194166941, 0.04703929124431885
1.4587230178703574, 0.2799394815471246, -0.5895424948678392, 0.047023740148212506
1.5030580817078467, 0.34125988102467303, -0.6224314529472122, 0.04752150832173832
1.5470406152740117, 0.40314979666905537, -0.6547289128679089, 0.048187785402472295
1.5913706957056601, 0.4644772427943993, -0.6876098228983522, 0.04868776827608011
1.6363062645766377, 0.5248058663232485, -0.7215131067222711, 0.048894947831796154
1.6816755234466418, 0.5843803541188949, -0.7561607657243716, 0.04888608708725573
1.7273384298033516, 0.6434303077849326, -0.79131677817236, 0.0487286768085093
1.773158386705495, 0.7021940253580795, -0.8267464513243303, 0.04849088809371895
1.8190053614121304, 0.7609081158992954, -0.8622233232368822, 0.04823920884595217
1.8647505547273868, 0.8198084697387663, -0.8975226039790479, 0.048039745168470975
1.9102615874870172, 0.8791319724870407, -0.9324149915794615, 0.0479595332380564
1.9553960524302458, 0.9391163161559766, -0.9666591636304602, 0.0480678911791477
2.000000000000001, 1.0000000000000004, -1.0000000000000004, 0.048436743907802844

Vessel: 1, Number of Points: 100

-0.5380828320241385, -0.22197445585126785, -0.056641088543637294, 0.03998969134011035
-0.4719722657085044, -0.18430348706849184, -0.0025185957611073223, 0.039837764305471306
-0.40636364959323, -0.14477873902434102, 0.05088996335291681, 0.03985483002405678
-0.34103748476698936, -0.10426927927950189, 0.10390505954278706, 0.03996240666024588
-0.27576140424584045, -0.06358805412833839, 0.1568507895238235, 0.04008580963555447
-0.21029921671358004, -0.023549334765800033, 0.21005487705378145, 0.040150070788558284
-0.14442830218889097, 0.015025234780718632, 0.26383388446808376, 0.04008028126001295
-0.07798005254619002, 0.051370140400345314, 0.3184478500697885, 0.039808473105111014
-0.011486811726771412, 0.08753030812257799, 0.3731284383110899, 0.039520062822189665
0.05393844655263859, 0.12770645139081857, 0.4262798535537719, 0.03959682324728052
0.11696275022854474, 0.17507440773595156, 0.4762535702760327, 0.040350605167142714
0.17860935612503964, 0.22597509262799656, 0.524487999155565, 0.04144584697286875
0.24321439128271558, 0.26885639415040613, 0.5765186837143529, 0.041774353496419246
0.31247782530750484, 0.2826084966502202, 0.6368637310434858, 0.03959991185312391
0.37748600587194064, 0.2573492991538925, 0.698906839433648, 0.03510308366576751
0.4403134830945638, 0.22536720000445118, 0.7599446037366959, 0.032642994546730544
0.5051420177858503, 0.19937707024481577, 0.8219308304218806, 0.03306872907420021
0.5699283891689402, 0.1732402996021604, 0.8838854521866473, 0.03342261098586663
0.6343211105886759, 0.14582225989999248, 0.9456999400039774, 0.033227834828011726
0.698816898458278, 0.11879135548371555, 1.0075769832244212, 0.03320604173820745
0.7635067316757967, 0.09205806545618465, 1.069380781143695, 0.033271806599233476
0.8283497005044999, 0.06537873688935991, 1.1310473596275548, 0.03330713458368946
0.893232849028972, 0.038676296026526544, 1.1926616667762864, 0.03331399874266439
0.958039704696853, 0.011884659856551679, 1.254317466882591, 0.0333018824203096
1.022653490019826, -0.015062253565319898, 1.3161079879529693, 0.033280143678659876
1.0869567361152928, -0.04223088049509274, 1.378127094497661, 0.03325810177905698
1.1508285354541092, -0.06968352577429762, 1.4404591172832943, 0.03324512625598314
1.2117432108701467, -0.09913140650208879, 1.504764862423266, 0.033244454423484296
1.259583401866408, -0.13643591875951547, 1.575672285666517, 0.03324435550152869
1.2877616197009056, -0.1826985877042827, 1.6515645741262075, 0.03324437092183872
1.2924705695841177, -0.2360918273148364, 1.7278644192135133, 0.03324437167487087
1.2745981815288778, -0.2930086984640484, 1.7995739307304528, 0.03324437117482704
1.2388974839623352, -0.3502555974170758, 1.8640482242951826, 0.03324437122304459
1.190721841629468, -0.4061786695418054, 1.9211769675448722, 0.03324437123073773
1.1337459390125937, -0.46019620420577567, 1.9716937717785805, 0.033244371228405026
1.0704388242153742, -0.5121853531914988, 2.016481006002302, 0.033244371227286136
1.0024126125086439, -0.5622101484945551, 2.056323484823454, 0.03324437123584384
0.9307615878297959, -0.6103888326090634, 2.0918611314982347, 0.03324437125073641
0.8563004300886102, -0.6568817119392826, 2.1236753979075633, 0.03324437085268388
0.7795857759720035, -0.7018240646334472, 2.1521998906718838, 0.033244371816239245
0.7008619176809497, -0.7451958477833496, 2.177499149790787, 0.03324438469230451
0.6205807105335888, -0.7872012383069412, 2.2000641531584813, 0.033244299872775385
0.5388441449909758, -0.8277825241110504, 2.2198390699402974, 0.03324410417824131
0.45591102115631893, -0.8670578338726677, 2.2371013235168085, 0.03324822966667893
0.3718773350626915, -0.9050055695815966, 2.2518443484242807, 0.0332397853809441
0.2868567660439975, -0.9416122300900427, 2.264078208530519, 0.03279089209727276
0.2009642046974134, -0.976902150238695, 2.2738697438978837, 0.032617473123507046
0.11427316843176671, -1.0108209474213912, 2.28114253238307, 0.03260652535593298
0.026881812807857865, -1.0433631640304672, 2.2859050115422934, 0.03261118011847473
-0.06117105184135109, -1.0743727680051813, 2.2878906016426215, 0.0326109975500009
-0.14977058152482392, -1.1038321674436042, 2.287083636493908, 0.032610898725200496
-0.23885059662523112, -1.1315445240725626, 2.2831434402968003, 0.03261091267345008
-0.3282783509895326, -1.1573966882272655, 2.275885441577713, 0.03261091389698322
-0.4179135502415156, -1.181023449819962, 2.264677690371509, 0.032610913449558125
-0.5075126933644878, -1.2021722078511319, 2.249100335619079, 0.03261091346250144
-0.5966999065450876, -1.2203124083262897, 2.228266787562081, 0.03261091347218773
-0.6848169465553543, -1.23470726674555, 2.2009803626843816, 0.03261091347058342
-0.7706001256248204, -1.2441941125294798, 2.1654316728778507, 0.032610913479251914
-0.8514149935388257, -1.2468553510108837, 2.118835661286386, 0.03261091345845003
-0.9215125070180112, -1.239826202730628, 2.057735860100869, 0.03261091316987028
-0.9688258086777143, -1.219706467367358, 1.9801815290428744, 0.032610915010671135
-0.9798610313361362, -1.1875430884385458, 1.8936179082005054, 0.03261092015550815
-0.9548513103257938, -1.1507421894327463, 1.8118185761725711, 0.03261082713649012
-0.911413747703606, -1.1145706651532912, 1.7374720890607953, 0.03261254229226419
-0.8663112463367263, -1.078618612548862, 1.6640392531108654, 0.03262024768066714
-0.8207173005207835, -1.0427369838572151, 1.5908767627533966, 0.03263277816875584
-0.7747229752206213, -1.0069132381264563, 1.5179360606215373, 0.03264848001103725
-0.7283604774898145, -0.971143368384265, 1.4452023355992412, 0.03266567358950473
-0.6816827110599899, -0.9354198472459019, 1.3726476923446733, 0.03268269087668801
-0.6347415407684844, -0.8997349887755949, 1.300244107353713, 0.03269786392777145
-0.5875879984855702, -0.8640809663566841, 1.227963423798291, 0.032709523748614855
-0.5402729089854507, -0.8284497704438871, 1.1557771075750858, 0.032715999225187725
-0.4928469284161634, -0.7928332524633481, 1.083656342717048, 0.03271561554784331
-0.4453606338081021, -0.7572231618777355, 1.0115720984648902, 0.032706693148236606
-0.3978646314116162, -0.721611181325637, 0.9394951857321371, 0.032687548537406644
-0.35040957731450706, -0.6859889649210329, 0.8673963682322785, 0.03265646565996453
-0.3030463202734062, -0.6503481722073776, 0.7952463975993566, 0.03261170834048512
-0.2558470911209025, -0.6146796249316423, 0.7230027339856152, 0.03255852951572214
-0.2089679061657961, -0.5789710378342132, 0.6505707424440997, 0.03253002085970191
-0.1625863432997893, -0.5432104252150394, 0.5778446901070464, 0.03256670348935631
-0.1168329649920158, -0.507391602430334, 0.5047505207590743, 0.032700972807416455
-0.0711512538864861, -0.47156857978244393, 0.4316134623452357, 0.03285341761132434
-0.024430727192005806, -0.4358463654168697, 0.3590865651766355, 0.03285430480234519
0.024514180685311703, -0.4003609997145687, 0.2879265884101514, 0.03251824544869898
0.07533571959925785, -0.36509829171391533, 0.21797908393217194, 0.03189138427687286
0.12392254721026814, -0.32957368068352927, 0.1465997764121372, 0.031605882317621896
0.1660257525363226, -0.2934699371965826, 0.0715120484154574, 0.03228180979652609
0.19998964882027706, -0.25697212534657055, -0.007403781540588804, 0.03418935066812347
0.23358451366766336, -0.22046901919261672, -0.08646226363756944, 0.03688911647138749
0.2807777688406504, -0.18483132826154836, -0.1586095930334699, 0.03975180474633096
0.35875410043038897, -0.157557589839409, -0.19917000870327553, 0.041399895546265976
0.4512478265752101, -0.14399097212348558, -0.1996478627136446, 0.041290419726066764
0.5435343010186232, -0.13100231992805472, -0.196142935381048, 0.041175352685072844
0.6356543459442016, -0.1162436717831523, -0.20035559906147163, 0.04119222597138018
0.7281118729738828, -0.10400652748519305, -0.20672172443807013, 0.04075004921570197
0.8194187353123868, -0.08623952278079494, -0.2042089227754106, 0.0414078808465356
0.9102988281366766, -0.06389337953224968, -0.1968216240054055, 0.04385933013218284
0.9932366086959242, -0.07627385471837694, -0.2294125880535653, 0.0451308979441134
1.06205766339861, -0.10922857781843373, -0.2834181295425514, 0.045089645416880694
1.1313303282830844, -0.1416921570033772, -0.33693772007520484, 0.04508336537893879

Vessel: 2, Number of Points: 100

0.30530628281084154, 0.28331350613809486, 0.6303141339099164, 0.030077298355249457
0.3424189905265656, 0.34458477637859564, 0.6291480439845568, 0.030077298355252337
0.3795332419722431, 0.4058590696264211, 0.6281961661342427, 0.03007729835525517
0.4166486538115188, 0.4671357815929814, 0.6274714213190971, 0.030077298355257975
0.45376484270803746, 0.5284143079896861, 0.626986730499242, 0.030077298355260716
0.4908814252679758, 0.5896940444351165, 0.6267550155618326, 0.030077298355263418
0.5279979630512517, 0.6509742976313255, 0.6267900863529838, 0.030077298355266086
0.5651138600191595, 0.7122541197104298, 0.6271082949644367, 0.030077298355268702
0.6022284640171616, 0.7735324720161773, 0.6277268335918657, 0.03007729835527126
0.6393409444734877, 0.8348080267783717, 0.6286653589676373, 0.03007729835527377
0.676450377179969, 0.896079304424276, 0.6299447893560881, 0.03007729835527621
0.7135555907538348, 0.9573444241176697, 0.6315891264704953, 0.03007729835527858
0.7506552384604108, 1.0186012202651717, 0.6336245185300877, 0.030077298355280883
0.7877476279191055, 1.0798469650833917, 0.6360809431933871, 0.030077298355283125
0.8248307840920442, 1.141078470893759, 0.6389914394132089, 0.030077298355285307
0.8619021964126391, 1.2022916776004946, 0.6423943539771504, 0.030077298355287413
0.8989589046543806, 1.2634817921847061, 0.6463323130467961, 0.030077298355289425
0.9359970948995785, 1.3246426288982744, 0.6508555002604341, 0.030077298355291333
0.97301214220777, 1.3857666777633249, 0.6560207773709472, 0.030077298355293137
1.0099981300989893, 1.4468443189193503, 0.6618951576174282, 0.03007729835529489
1.04694747495942, 1.5078632064634505, 0.6685575917329043, 0.030077298355296423
1.083850524738692, 1.5688076104461919, 0.6761010252404382, 0.030077298355297762
1.120694489724541, 1.629656664179644, 0.6846380989950086, 0.03007729835529975
1.157462280450607, 1.6903824562802892, 0.6943059734962531, 0.030077298355299358
1.1941307861441757, 1.7509472046776307, 0.7052737032299609, 0.030077298355302342
1.2306678026138098, 1.8112982102082893, 0.717753851323243, 0.030077298355303643
1.2670272074529516, 1.8713599276934867, 0.7320191633244165, 0.030077298355291673
1.3031413034798411, 1.9310213784348744, 0.7484267923556823, 0.030077298355337765
1.3389049752327082, 1.990110079929888, 0.7674578965625756, 0.030077298355289196
1.3741618480085687, 2.0483693234195575, 0.7897760229529892, 0.03007729835726871
1.4086183790443851, 2.1053165902937576, 0.8163416653772421, 0.030077298351720856
1.4417533502896929, 2.1600944199661987, 0.8485465103753522, 0.030077298356604686
1.4725689911301032, 2.211059926089611, 0.8884021037154866, 0.03007729836132293
1.4990350877851346, 2.2548669407618083, 0.9385087619722073, 0.030077298348230037
1.5175592857713087, 2.285588538144979, 1.0007301850669699, 0.03007729855278088
1.5243099517311947, 2.296889994193562, 1.071173387836098, 0.030077297378326213
1.5198161352861823, 2.2896283905407357, 1.1424386740245358, 0.030077301918355833
1.507407740895863, 2.269291690860553, 1.2101005588397193, 0.030077291351651693
1.4902638165316502, 2.2411274535455603, 1.2736828126053448, 0.030077328319739787
1.4701293824112813, 2.2080186631805367, 1.3339533085449264, 0.03007718894329061
1.448069937975385, 2.171725408615953, 1.391652473034573, 0.030077598619962773
1.4247161223257012, 2.133291931904574, 1.4474250311657602, 0.03007691112035961
1.4004875051705816, 2.0934112423224227, 1.5017889658759542, 0.030075998155228472
1.3757028361690182, 2.052598110313518, 1.5552077497307115, 0.030087609322254637
1.3504322970470182, 2.0110401777975886, 1.6077921031774238, 0.030038896164393664
1.3252956035845285, 1.96955740843634, 1.6605605816268039, 0.030139114567062503
1.2977401046604142, 1.9251924686038009, 1.7094188114855986, 0.029159597200077887
1.2679267786917816, 1.8780645491885306, 1.7545519693739884, 0.02789220805811336
1.238822004840157, 1.8315326102652978, 1.800588571643894, 0.02797496032900625
1.209560534159691, 1.7844010168414435, 1.845931847494341, 0.027935282993087496
1.1802513288472856, 1.7366125061004465, 1.8905408074683259, 0.027950701469817436
1.1508230586183883, 1.68787780982329, 1.9340385890781204, 0.02795380413753613
1.1212645128685848, 1.6379468963359798, 1.9760706981232619, 0.02794995128823251
1.0915798487485575, 1.5865497789004077, 2.0162029013178033, 0.02795096456782869
1.0617776006762976, 1.533374460951738, 2.0538610588180473, 0.027951107130810365
1.0319048024336739, 1.4780929803183493, 2.088299179875514, 0.027950897895829253
1.002067409845656, 1.4203871709517815, 2.118537899755466, 0.027950973870788355
0.972467494058504, 1.3600108313624137, 2.143307185832782, 0.027950960801896813
0.9434609674873555, 1.2969163097075158, 2.161017127009455, 0.027950959294392622
0.9156178946618548, 1.2314702136809248, 2.169860610713055, 0.027950961388099053
0.889715013153094, 1.1646658065197069, 2.1682002043318676, 0.027950960434884275
0.8665775594339132, 1.0980915626482177, 2.1551869927083946, 0.027950960766900974
0.8468062273298604, 1.033499741161397, 2.1311986799744127, 0.02795096067273187
0.8305886630857281, 0.9722360594780317, 2.097686927315438, 0.027950960685688423
0.8177193054782771, 0.9149329863317628, 2.0565807680787227, 0.027950960694038185
0.807798906198526, 0.8616563354177098, 2.0096846772439227, 0.027950960688298374
0.8003748869607942, 0.8121322225684878, 1.9584619964557666, 0.027950960689096666
0.795033945117846, 0.7659384337141574, 1.9039615772855851, 0.02795096068895284
0.7914330655818305, 0.7226742576793779, 1.846969871406274, 0.027950960688977563
0.7892927508761868, 0.6819676578595636, 1.7880516448969979, 0.02795096068897001
0.7883886249996503, 0.6434953380210798, 1.7276191348772616, 0.027950960688973542
0.7885405586581937, 0.6069817840430172, 1.665976604478074, 0.027950960688973087
0.7896032282786175, 0.572194443803985, 1.60335236099563, 0.027950960688975283
0.7914583552842743, 0.5389370569804671, 1.5399205518431085, 0.02795096068897717
0.7940086479770849, 0.5070433398140648, 1.4758163271218556, 0.027950960688979686
0.7971737108643598, 0.47637234087540953, 1.4111454432461827, 0.02795096068898263
0.8008864995704174, 0.44680399306743995, 1.3459918787695038, 0.027950960688985886
0.8050899935490191, 0.4182343672498215, 1.2804240273417875, 0.027950960688989494
0.8097359378628232, 0.3905740006707047, 1.2144972455397962, 0.027950960688993397
0.8147831828256773, 0.3637455052811411, 1.1482569044972408, 0.027950960688997557
0.8201956271903402, 0.3376801889964723, 1.0817414752871224, 0.027950960689002005
0.8259425944396969, 0.31231890046002897, 1.014982343047611, 0.027950960689006696
0.831996632026677, 0.2876082572802044, 0.9480068467558536, 0.027950960689011588
0.83833407882301, 0.26350172694486296, 0.8808376765250346, 0.027950960689016698
0.8449336573706363, 0.23995716667483466, 0.8134947387180742, 0.027950960689022007
0.8517767387244203, 0.21693733117873784, 0.7459948801046955, 0.027950960689027495
0.858846444732989, 0.1944082722924125, 0.6783530245711722, 0.02795096068903316
0.8661279171376007, 0.17233985405342986, 0.610581891440886, 0.027950960689038986
0.8736074545501983, 0.1507041591636823, 0.5426929963170732, 0.027950960689044967
0.8812730724547555, 0.12947656966287333, 0.47469607958645277, 0.027950960689051108
0.8891134466575434, 0.10863375310880294, 0.4066002265500043, 0.02795096068905738
0.8971187858238836, 0.08815537387706684, 0.338413022924199, 0.027950960689063793
0.9052797143075407, 0.06802191213692368, 0.2701416529418398, 0.027950960689070322
0.9135879072308871, 0.048215929275615334, 0.20179231783390136, 0.027950960689076963
0.9220355867714184, 0.02872107046931094, 0.1333707074871599, 0.02795096068908373
0.9306155854393227, 0.00952221085582935, 0.06488197606381652, 0.027950960689090622
0.9393217825862168, -0.00939366453528541, -0.003669640706732223, 0.02795096068909762
0.9481481614926115, -0.028039361207505848, -0.07227999827576335, 0.027950960689104725
0.9570887054390176, -0.04642768466430386, -0.1409449520945516, 0.027950960689111917
0.9661373977059465, -0.06457144040915197, -0.20966035761437413, 0.027950960689119203

Vessel: 3, Number of Points: 100

-0.684291435187357, -0.3564708905035987, -0.12980533222355267, 0.031046677320099043
-0.6363223933790968, -0.3316070038008515, -0.18419659104308816, 0.03104667732010056
-0.5885813401875445, -0.3066067954437199, -0.23872632296738483, 0.03104667732010205
-0.5410827923776572, -0.2814627494868367, -0.29340152916638557, 0.031046677320103522
-0.49384126671439177, -0.25616734998483504, -0.3482292108100331, 0.031046677320104975
-0.44687128158869216, -0.23071308025251572, -0.40321636969332836, 0.03104667732010639
-0.40018842621777545, -0.20509193637358927, -0.45837041925587974, 0.031046677320107796
-0.3538112093944658, -0.17929458601085901, -0.5136998952739291, 0.031046677320109184
-0.30775911910281456, -0.15331126033268416, -0.5692136958372377, 0.031046677320110527
-0.2620545300647273, -0.12713093071156017, -0.6249217450079958, 0.031046677320111828
-0.21672126134675715, -0.10074194334789126, -0.6808344721453665, 0.031046677320113115
-0.17178678852071225, -0.07413109785579176, -0.736963529506431, 0.031046677320114374
-0.12728103284645367, -0.04728416659963208, -0.7933213760652763, 0.031046677320115585
-0.08323847448200639, -0.02018507151178999, -0.8499218740753239, 0.031046677320116754
-0.03969710621812087, 0.007183678116998469, -0.9067799465563001, 0.031046677320117896
0.0032987889778752343, 0.034842016666111086, -0.963912281939472, 0.031046677320118996
0.04569997138699043, 0.06281176940225906, -1.02133690560349, 0.03104667732012004
0.08744832532357964, 0.09111804035340475, -1.0790740697279821, 0.031046677320121042
0.12847795284845082, 0.11978870494806006, -1.137145817694943, 0.031046677320121997
0.16871114071434204, 0.14885574583352548, -1.195576755704459, 0.03104667732012288
0.2080563332078032, 0.1783557047678878, -1.2543940981605266, 0.031046677320123704
0.2464059331664321, 0.20833022363764248, -1.3136277961816818, 0.031046677320124474
0.2836297085648596, 0.23882777042846956, -1.3733110848235697, 0.031046677320125133
0.3195698608858533, 0.26990455674791186, -1.4334803098559707, 0.031046677320125803
0.35403320879783295, 0.3016260667307161, -1.494174769722731, 0.031046677320126274
0.38677918362926517, 0.3340691397997057, -1.5554360588638398, 0.03104667732012651
0.41750319736767866, 0.36732420474741995, -1.617306141575747, 0.031046677320127794
0.44581416308227007, 0.4014974553836774, -1.67982343226655, 0.031046677320124182
0.47120055824077645, 0.43671205244446687, -1.7430136293217862, 0.03104667732013658
0.4929834851839791, 0.4731085446927123, -1.80687510064063, 0.031046677320104545
0.5102446570603753, 0.5108351783665427, -1.8713403383186988, 0.031046677320077865
0.5217450017664644, 0.5500461829981651, -1.9362468032633617, 0.031046677319139494
0.5257773038320149, 0.5907898532929218, -2.0011144034237978, 0.031046677323040228
0.520196366748268, 0.6328934626874125, -2.0649757843780043, 0.031046677314652577
0.5026655436860775, 0.6757418013566993, -2.1261110790282545, 0.03104667732971593
0.4715306712516339, 0.7180449312645854, -2.181969956632, 0.031046677297956918
0.42708830413494714, 0.7580670322193568, -2.2299412064133852, 0.031046677391000702
0.3718070238437196, 0.7944276661418406, -2.2686746235883635, 0.0310466771111384
0.3089764043066558, 0.8266726057301511, -2.2985318952404463, 0.031046677493853217
0.24135993799292152, 0.8550962316048851, -2.3208713007768056, 0.031046680403599744
0.17081991277176364, 0.8802982305087392, -2.3372341468207227, 0.031046652043053662
0.09850054386643105, 0.9029017463092339, -2.3489648374111605, 0.031046794586195175
0.02508856010370976, 0.9234525978777424, -2.357137796596848, 0.031046324390073186
-0.04900180067975339, 0.9424014330177943, -2.3625917736966473, 0.031047164275302047
-0.12351615777827232, 0.9601211407270477, -2.365990354689659, 0.031047727272521246
-0.19829521472608427, 0.9769263906654311, -2.3678716562865594, 0.031039409339005432
-0.2732430063527934, 0.993046924468432, -2.36864773320507, 0.03106459500261457
-0.34827827306883424, 1.0087773953045907, -2.3687615038507492, 0.0310418676674339
-0.4233475091517005, 1.0243469769817202, -2.368575804205257, 0.030948473726231194
-0.49851372412153294, 1.039398764845555, -2.3678849498534627, 0.031477064174511016
-0.5737777043185434, 1.0539182916216476, -2.3666270097332447, 0.032426202891613826
-0.6490766431454839, 1.0682300301243846, -2.3649266955854427, 0.03284582725815139
-0.7244043297462296, 1.0822911556148536, -2.3625381031212576, 0.032734309623105404
-0.7997929165747754, 1.0957459662735716, -2.3588841001497416, 0.032739023663581765
-0.8752208608306556, 1.1083592068581272, -2.3534475941871675, 0.03275107356760275
-0.950618630739378, 1.1197782119449824, -2.345509619959495, 0.032744862295183204
-1.0258036914659354, 1.1294723525193295, -2.334040441465372, 0.032746718906074196
-1.1003301167628854, 1.1366234696881863, -2.3175070273465375, 0.032746296244281194
-1.173066119450271, 1.1398602863673495, -2.2935086125517574, 0.03274638637719992
-1.2411230242706555, 1.1368383103039066, -2.2583427869779578, 0.032746363464689426
-1.297374761139622, 1.1241837412629925, -2.207939198818057, 0.03274637014896465
-1.3315516878314029, 1.1005158620488609, -2.1437456398556924, 0.03274636863209165
-1.3411492681346335, 1.0694558530042213, -2.074430073868794, 0.032746368831932014
-1.3330663905018396, 1.035361211047763, -2.006225664887941, 0.03274636882155286
-1.3139002198417113, 1.0003282481551699, -1.940742978728856, 0.03274636883763325
-1.2875929346666777, 0.9651111507679438, -1.877897202942847, 0.03274636882447617
-1.2564163700465065, 0.9299731836878603, -1.8172794535065222, 0.0327463688284532
-1.2217465614092209, 0.8950123502577022, -1.7585129670403996, 0.03274636882876127
-1.1844314069414774, 0.860244819152197, -1.701272687629165, 0.03274636882873909
-1.1450460981792852, 0.8256708818829436, -1.6453156757164755, 0.03274636882875984
-1.103996132970819, 0.791281831107227, -1.5904519397065258, 0.03274636882873959
-1.0615754687312324, 0.7570652084779114, -1.5365308370924733, 0.03274636882875201
-1.0180052949074265, 0.7230081378581599, -1.483431659629986, 0.03274636882874671
-0.9734558868153091, 0.6890980563921332, -1.431055915672029, 0.03274636882874765
-0.9280614388054377, 0.655323361460592, -1.379322408538487, 0.03274636882874787
-0.8819284551797115, 0.6216735567698456, -1.3281639904779663, 0.032746368828747305
-0.8351445871264045, 0.5881391460649429, -1.2775235975754746, 0.032746368828747215
-0.7877821956336388, 0.5547115867896721, -1.227352643764224, 0.03274636882874708
-0.7399009160759912, 0.5213833005606414, -1.177609956913101, 0.03274636882874683
-0.6915524198661899, 0.4881473661170214, -1.128259117552645, 0.03274636882874662
-0.642779461841, 0.4549976849932777, -1.079269210287799, 0.0327463688287464
-0.5936200097941886, 0.42192864476106484, -1.0306123677693708, 0.03274636882874615
-0.5441060001473571, 0.38893527532613187, -0.9822646259300066, 0.0327463688287459
-0.49426619209741196, 0.35601297776164476, -0.9342041457852721, 0.03274636882874566
-0.4441250396100625, 0.3231576683292598, -0.8864119936260052, 0.03274636882874539
-0.3937049990738835, 0.2903655216647604, -0.8388706243715135, 0.032746368828745126
-0.3430251436843323, 0.2576331588404067, -0.7915648633639631, 0.03274636882874483
-0.2921034176466535, 0.22495735773933437, -0.7444803434235573, 0.032746368828744536
-0.24095506338744654, 0.19233528341426454, -0.6976046547542167, 0.032746368828744245
-0.18959450358498747, 0.15976422015887767, -0.6509259851684779, 0.032746368828743946
-0.13803435929132346, 0.12724173049971998, -0.6044338698560849, 0.03274636882874365
-0.08628610738409846, 0.09476555369313319, -0.5581186997604163, 0.032746368828743336
-0.034360559019362566, 0.06233353748287105, -0.5119713756229625, 0.03274636882874302
0.017732882743479984, 0.029943759414071736, -0.46598387718500167, 0.03274636882874269
0.06998508471586588, -0.0024056579035055038, -0.42014839313151897, 0.032746368828742344
0.12238813138240041, -0.03471637848876102, -0.374458076000063, 0.032746368828742024
0.174935018083325, -0.06698990675250845, -0.32890679931847305, 0.03274636882874168
0.22761876210779636, -0.09922774325948072, -0.28348845398831324, 0.03274636882874134
0.2804323807449691, -0.1314313885744096, -0.23819693091114896, 0.03274636882874099
0.333368891284, -0.16360234326202808, -0.1930261209885443, 0.03274636882874064

